
|   ID  |    x    |      y     |

|   ID  |    x    |      y     |
|  3276 | 0.00000 |    0.00000 |
|  3276 | 0.00100 |    0.00100 |
|  3276 | 0.00200 |    0.00200 |
|  3277 | 0.25000 |    0.33865 |
|  3276 | 0.00300 |    0.00301 |
|  3277 | 0.25100 |    0.34048 |
|  3276 | 0.00400 |    0.00402 |
|  3277 | 0.25200 |    0.34232 |
|  3276 | 0.00500 |    0.00503 |
|  3277 | 0.25300 |    0.34416 |
|  3276 | 0.00600 |    0.00604 |
|  3277 | 0.25400 |    0.34600 |
|  3276 | 0.00700 |    0.00705 |
|  3277 | 0.25500 |    0.34785 |
|  3276 | 0.00800 |    0.00806 |
|  3277 | 0.25600 |    0.34971 |
|  3276 | 0.00900 |    0.00908 |
|  3277 | 0.25700 |    0.35157 |
|  3276 | 0.01000 |    0.01010 |
|  3277 | 0.25800 |    0.35344 |
|  3276 | 0.01100 |    0.01112 |
|  3277 | 0.25900 |    0.35531 |
|  3276 | 0.01200 |    0.01215 |
|  3277 | 0.26000 |    0.35718 |
|  3276 | 0.01300 |    0.01317 |
|  3277 | 0.26100 |    0.35906 |
|  3276 | 0.01400 |    0.01420 |
|  3277 | 0.26200 |    0.36095 |
|  3276 | 0.01500 |    0.01523 |
|  3277 | 0.26300 |    0.36284 |
|  3276 | 0.01600 |    0.01626 |
|  3277 | 0.26400 |    0.36473 |
|  3276 | 0.01700 |    0.01730 |
|  3277 | 0.26500 |    0.36663 |
|  3276 | 0.01800 |    0.01833 |
|  3277 | 0.26600 |    0.36854 |
|  3276 | 0.01900 |    0.01937 |
|  3277 | 0.26700 |    0.37045 |
|  3276 | 0.02000 |    0.02041 |
|  3277 | 0.26800 |    0.37236 |
|  3276 | 0.02100 |    0.02145 |
|  3277 | 0.26900 |    0.37429 |
|  3276 | 0.02200 |    0.02250 |
|  3277 | 0.27000 |    0.37621 |
|  3276 | 0.02300 |    0.02355 |
|  3277 | 0.27100 |    0.37814 |

|   ID  |    x    |      y     |
|  3276 | 0.02400 |    0.02460 |
|  3277 | 0.27200 |    0.38008 |
|  3276 | 0.02500 |    0.02565 |
|  3277 | 0.27300 |    0.38202 |
|  3276 | 0.02600 |    0.02670 |
|  3277 | 0.27400 |    0.38397 |
|  3276 | 0.02700 |    0.02776 |
|  3277 | 0.27500 |    0.38592 |
|  3276 | 0.02800 |    0.02882 |
|  3277 | 0.27600 |    0.38788 |
|  3276 | 0.02900 |    0.02988 |
|  3278 | 0.50000 |    0.99706 |
|  3277 | 0.27700 |    0.38984 |
|  3276 | 0.03000 |    0.03094 |
|  3278 | 0.50100 |    1.00074 |
|  3277 | 0.27800 |    0.39181 |
|  3276 | 0.03100 |    0.03201 |
|  3278 | 0.50200 |    1.00444 |
|  3277 | 0.27900 |    0.39379 |
|  3276 | 0.03200 |    0.03307 |
|  3278 | 0.50300 |    1.00814 |
|  3277 | 0.28000 |    0.39576 |
|  3276 | 0.03300 |    0.03414 |
|  3278 | 0.50400 |    1.01186 |
|  3277 | 0.28100 |    0.39775 |
|  3276 | 0.03400 |    0.03522 |
|  3278 | 0.50500 |    1.01558 |
|  3277 | 0.28200 |    0.39974 |
|  3276 | 0.03500 |    0.03629 |
|  3278 | 0.50600 |    1.01932 |
|  3277 | 0.28300 |    0.40173 |
|  3276 | 0.03600 |    0.03737 |
|  3278 | 0.50700 |    1.02307 |
|  3277 | 0.28400 |    0.40373 |
|  3276 | 0.03700 |    0.03845 |
|  3278 | 0.50800 |    1.02683 |
|  3277 | 0.28500 |    0.40574 |
|  3276 | 0.03800 |    0.03953 |
|  3278 | 0.50900 |    1.03060 |
|  3277 | 0.28600 |    0.40775 |
|  3276 | 0.03900 |    0.04061 |
|  3278 | 0.51000 |    1.03438 |
|  3277 | 0.28700 |    0.40977 |
|  3276 | 0.04000 |    0.04170 |
|  3278 | 0.51100 |    1.03817 |
|  3277 | 0.28800 |    0.41179 |
|  3276 | 0.04100 |    0.04279 |
|  3278 | 0.51200 |    1.04198 |
|  3277 | 0.28900 |    0.41382 |
|  3276 | 0.04200 |    0.04388 |
|  3278 | 0.51300 |    1.04579 |
|  3277 | 0.29000 |    0.41585 |
|  3276 | 0.04300 |    0.04497 |
|  3278 | 0.51400 |    1.04962 |
|  3277 | 0.29100 |    0.41789 |
|  3276 | 0.04400 |    0.04607 |
|  3278 | 0.51500 |    1.05346 |
|  3277 | 0.29200 |    0.41994 |
|  3276 | 0.04500 |    0.04716 |
|  3278 | 0.51600 |    1.05730 |
|  3277 | 0.29300 |    0.42199 |

|   ID  |    x    |      y     |
|  3276 | 0.04600 |    0.04826 |
|  3278 | 0.51700 |    1.06116 |
|  3277 | 0.29400 |    0.42404 |
|  3276 | 0.04700 |    0.04937 |
|  3278 | 0.51800 |    1.06504 |
|  3277 | 0.29500 |    0.42610 |
|  3276 | 0.04800 |    0.05047 |
|  3277 | 0.29600 |    0.42817 |
|  3276 | 0.04900 |    0.05158 |
|  3277 | 0.29700 |    0.43024 |
|  3279 | 0.75000 |    2.37037 |
|  3276 | 0.05000 |    0.05269 |
|  3277 | 0.29800 |    0.43232 |
|  3279 | 0.75100 |    2.37832 |
|  3278 | 0.51900 |    1.06892 |
|  3276 | 0.05100 |    0.05380 |
|  3277 | 0.29900 |    0.43440 |
|  3279 | 0.75200 |    2.38629 |
|  3278 | 0.52000 |    1.07281 |
|  3276 | 0.05200 |    0.05492 |
|  3277 | 0.30000 |    0.43649 |
|  3279 | 0.75300 |    2.39428 |
|  3278 | 0.52100 |    1.07672 |
|  3276 | 0.05300 |    0.05604 |
|  3277 | 0.30100 |    0.43859 |
|  3279 | 0.75400 |    2.40231 |
|  3278 | 0.52200 |    1.08063 |
|  3276 | 0.05400 |    0.05716 |
|  3277 | 0.30200 |    0.44069 |
|  3279 | 0.75500 |    2.41036 |
|  3278 | 0.52300 |    1.08456 |
|  3276 | 0.05500 |    0.05828 |
|  3277 | 0.30300 |    0.44280 |
|  3279 | 0.75600 |    2.41843 |
|  3278 | 0.52400 |    1.08850 |
|  3276 | 0.05600 |    0.05940 |
|  3277 | 0.30400 |    0.44491 |
|  3279 | 0.75700 |    2.42653 |
|  3278 | 0.52500 |    1.09245 |
|  3276 | 0.05700 |    0.06053 |
|  3277 | 0.30500 |    0.44703 |
|  3279 | 0.75800 |    2.43466 |
|  3278 | 0.52600 |    1.09642 |
|  3276 | 0.05800 |    0.06166 |
|  3277 | 0.30600 |    0.44915 |
|  3279 | 0.75900 |    2.44282 |
|  3278 | 0.52700 |    1.10039 |
|  3276 | 0.05900 |    0.06280 |
|  3277 | 0.30700 |    0.45128 |
|  3279 | 0.76000 |    2.45100 |
|  3278 | 0.52800 |    1.10438 |
|  3276 | 0.06000 |    0.06393 |
|  3277 | 0.30800 |    0.45342 |
|  3279 | 0.76100 |    2.45921 |
|  3278 | 0.52900 |    1.10838 |
|  3276 | 0.06100 |    0.06507 |
|  3277 | 0.30900 |    0.45556 |
|  3279 | 0.76200 |    2.46745 |
|  3278 | 0.53000 |    1.11239 |
|  3276 | 0.06200 |    0.06621 |
|  3277 | 0.31000 |    0.45771 |
|  3279 | 0.76300 |    2.47572 |
|  3278 | 0.53100 |    1.11641 |
|  3276 | 0.06300 |    0.06735 |
|  3277 | 0.31100 |    0.45986 |
|  3279 | 0.76400 |    2.48401 |
|  3278 | 0.53200 |    1.12044 |
|  3276 | 0.06400 |    0.06850 |
|  3277 | 0.31200 |    0.46202 |
|  3279 | 0.76500 |    2.49233 |
|  3278 | 0.53300 |    1.12449 |
|  3276 | 0.06500 |    0.06965 |
|  3277 | 0.31300 |    0.46418 |
|  3279 | 0.76600 |    2.50067 |
|  3278 | 0.53400 |    1.12855 |
|  3276 | 0.06600 |    0.07080 |
|  3277 | 0.31400 |    0.46636 |
|  3279 | 0.76700 |    2.50905 |
|  3278 | 0.53500 |    1.13262 |
|  3276 | 0.06700 |    0.07195 |
|  3277 | 0.31500 |    0.46853 |
|  3279 | 0.76800 |    2.51745 |
|  3278 | 0.53600 |    1.13670 |
|  3276 | 0.06800 |    0.07311 |
|  3277 | 0.31600 |    0.47072 |
|  3279 | 0.76900 |    2.52588 |
|  3278 | 0.53700 |    1.14079 |
|  3276 | 0.06900 |    0.07427 |
|  3277 | 0.31700 |    0.47290 |
|  3279 | 0.77000 |    2.53434 |
|  3278 | 0.53800 |    1.14490 |
|  3276 | 0.07000 |    0.07543 |
|  3277 | 0.31800 |    0.47510 |
|  3279 | 0.77100 |    2.54283 |
|  3278 | 0.53900 |    1.14901 |
|  3276 | 0.07100 |    0.07659 |
|  3277 | 0.31900 |    0.47730 |
|  3279 | 0.77200 |    2.55134 |
|  3278 | 0.54000 |    1.15314 |
|  3276 | 0.07200 |    0.07776 |
|  3277 | 0.32000 |    0.47951 |
|  3279 | 0.77300 |    2.55989 |
|  3278 | 0.54100 |    1.15729 |
|  3276 | 0.07300 |    0.07893 |
|  3277 | 0.32100 |    0.48172 |
|  3279 | 0.77400 |    2.56846 |
|  3278 | 0.54200 |    1.16144 |
|  3276 | 0.07400 |    0.08010 |
|  3277 | 0.32200 |    0.48394 |
|  3279 | 0.77500 |    2.57706 |
|  3278 | 0.54300 |    1.16561 |
|  3276 | 0.07500 |    0.08128 |
|  3277 | 0.32300 |    0.48617 |
|  3279 | 0.77600 |    2.58569 |
|  3278 | 0.54400 |    1.16979 |
|  3276 | 0.07600 |    0.08245 |
|  3277 | 0.32400 |    0.48840 |
|  3279 | 0.77700 |    2.59435 |
|  3278 | 0.54500 |    1.17398 |
|  3276 | 0.07700 |    0.08363 |
|  3277 | 0.32500 |    0.49064 |
|  3279 | 0.77800 |    2.60304 |
|  3278 | 0.54600 |    1.17818 |
|  3276 | 0.07800 |    0.08482 |
|  3277 | 0.32600 |    0.49288 |
|  3279 | 0.77900 |    2.61176 |
|  3278 | 0.54700 |    1.18240 |
|  3276 | 0.07900 |    0.08600 |
|  3277 | 0.32700 |    0.49513 |
|  3279 | 0.78000 |    2.62050 |
|  3278 | 0.54800 |    1.18663 |
|  3276 | 0.08000 |    0.08719 |
|  3277 | 0.32800 |    0.49739 |
|  3279 | 0.78100 |    2.62928 |
|  3278 | 0.54900 |    1.19087 |
|  3276 | 0.08100 |    0.08838 |
|  3277 | 0.32900 |    0.49965 |
|  3279 | 0.78200 |    2.63808 |
|  3278 | 0.55000 |    1.19512 |
|  3276 | 0.08200 |    0.08958 |
|  3277 | 0.33000 |    0.50192 |
|  3279 | 0.78300 |    2.64692 |
|  3278 | 0.55100 |    1.19939 |
|  3276 | 0.08300 |    0.09077 |
|  3277 | 0.33100 |    0.50419 |
|  3279 | 0.78400 |    2.65578 |
|  3278 | 0.55200 |    1.20367 |
|  3276 | 0.08400 |    0.09197 |
|  3277 | 0.33200 |    0.50647 |
|  3279 | 0.78500 |    2.66467 |
|  3278 | 0.55300 |    1.20796 |
|  3276 | 0.08500 |    0.09318 |
|  3277 | 0.33300 |    0.50876 |
|  3279 | 0.78600 |    2.67360 |
|  3278 | 0.55400 |    1.21227 |
|  3276 | 0.08600 |    0.09438 |
|  3277 | 0.33400 |    0.51105 |
|  3279 | 0.78700 |    2.68255 |
|  3278 | 0.55500 |    1.21659 |
|  3276 | 0.08700 |    0.09559 |
|  3277 | 0.33500 |    0.51336 |
|  3279 | 0.78800 |    2.69154 |
|  3278 | 0.55600 |    1.22092 |
|  3276 | 0.08800 |    0.09680 |
|  3277 | 0.33600 |    0.51566 |
|  3279 | 0.78900 |    2.70055 |
|  3278 | 0.55700 |    1.22526 |
|  3276 | 0.08900 |    0.09801 |
|  3277 | 0.33700 |    0.51797 |
|  3279 | 0.79000 |    2.70959 |
|  3278 | 0.55800 |    1.22962 |
|  3276 | 0.09000 |    0.09923 |
|  3277 | 0.33800 |    0.52029 |
|  3279 | 0.79100 |    2.71867 |
|  3278 | 0.55900 |    1.23399 |
|  3276 | 0.09100 |    0.10045 |
|  3277 | 0.33900 |    0.52262 |
|  3279 | 0.79200 |    2.72778 |
|  3278 | 0.56000 |    1.23837 |
|  3276 | 0.09200 |    0.10167 |
|  3277 | 0.34000 |    0.52495 |
|  3279 | 0.79300 |    2.73691 |
|  3278 | 0.56100 |    1.24276 |
|  3276 | 0.09300 |    0.10290 |
|  3277 | 0.34100 |    0.52729 |
|  3279 | 0.79400 |    2.74608 |
|  3278 | 0.56200 |    1.24717 |
|  3276 | 0.09400 |    0.10413 |
|  3277 | 0.34200 |    0.52964 |
|  3279 | 0.79500 |    2.75528 |
|  3278 | 0.56300 |    1.25159 |
|  3276 | 0.09500 |    0.10536 |
|  3277 | 0.34300 |    0.53199 |
|  3279 | 0.79600 |    2.76451 |
|  3278 | 0.56400 |    1.25603 |
|  3276 | 0.09600 |    0.10659 |
|  3277 | 0.34400 |    0.53435 |
|  3279 | 0.79700 |    2.77377 |
|  3278 | 0.56500 |    1.26048 |
|  3276 | 0.09700 |    0.10783 |
|  3277 | 0.34500 |    0.53671 |
|  3279 | 0.79800 |    2.78307 |
|  3278 | 0.56600 |    1.26494 |
|  3276 | 0.09800 |    0.10907 |
|  3277 | 0.34600 |    0.53908 |
|  3279 | 0.79900 |    2.79239 |
|  3278 | 0.56700 |    1.26941 |
|  3276 | 0.09900 |    0.11031 |
|  3277 | 0.34700 |    0.54146 |
|  3279 | 0.80000 |    2.80175 |
|  3278 | 0.56800 |    1.27390 |
|  3276 | 0.10000 |    0.11156 |
|  3277 | 0.34800 |    0.54385 |
|  3279 | 0.80100 |    2.81114 |
|  3278 | 0.56900 |    1.27840 |
|  3276 | 0.10100 |    0.11281 |
|  3277 | 0.34900 |    0.54624 |
|  3279 | 0.80200 |    2.82056 |
|  3278 | 0.57000 |    1.28292 |
|  3276 | 0.10200 |    0.11406 |
|  3277 | 0.35000 |    0.54863 |
|  3279 | 0.80300 |    2.83001 |
|  3278 | 0.57100 |    1.28745 |
|  3276 | 0.10300 |    0.11531 |
|  3277 | 0.35100 |    0.55104 |
|  3279 | 0.80400 |    2.83949 |
|  3278 | 0.57200 |    1.29199 |
|  3276 | 0.10400 |    0.11657 |
|  3277 | 0.35200 |    0.55345 |
|  3279 | 0.80500 |    2.84901 |
|  3278 | 0.57300 |    1.29654 |
|  3276 | 0.10500 |    0.11783 |
|  3277 | 0.35300 |    0.55587 |
|  3279 | 0.80600 |    2.85856 |
|  3278 | 0.57400 |    1.30111 |
|  3276 | 0.10600 |    0.11910 |
|  3277 | 0.35400 |    0.55829 |
|  3279 | 0.80700 |    2.86814 |
|  3278 | 0.57500 |    1.30570 |
|  3276 | 0.10700 |    0.12036 |
|  3277 | 0.35500 |    0.56072 |
|  3279 | 0.80800 |    2.87776 |
|  3278 | 0.57600 |    1.31029 |
|  3276 | 0.10800 |    0.12163 |
|  3277 | 0.35600 |    0.56316 |
|  3279 | 0.80900 |    2.88740 |
|  3278 | 0.57700 |    1.31490 |
|  3276 | 0.10900 |    0.12291 |
|  3277 | 0.35700 |    0.56561 |
|  3279 | 0.81000 |    2.89709 |
|  3278 | 0.57800 |    1.31953 |
|  3276 | 0.11000 |    0.12418 |
|  3277 | 0.35800 |    0.56806 |
|  3279 | 0.81100 |    2.90680 |
|  3278 | 0.57900 |    1.32417 |
|  3276 | 0.11100 |    0.12546 |
|  3277 | 0.35900 |    0.57052 |
|  3279 | 0.81200 |    2.91655 |
|  3278 | 0.58000 |    1.32882 |
|  3276 | 0.11200 |    0.12674 |
|  3277 | 0.36000 |    0.57298 |
|  3279 | 0.81300 |    2.92633 |
|  3278 | 0.58100 |    1.33349 |
|  3276 | 0.11300 |    0.12803 |
|  3277 | 0.36100 |    0.57546 |
|  3279 | 0.81400 |    2.93614 |
|  3278 | 0.58200 |    1.33817 |
|  3276 | 0.11400 |    0.12932 |
|  3277 | 0.36200 |    0.57793 |
|  3279 | 0.81500 |    2.94599 |
|  3278 | 0.58300 |    1.34286 |
|  3276 | 0.11500 |    0.13061 |
|  3277 | 0.36300 |    0.58042 |
|  3279 | 0.81600 |    2.95587 |
|  3278 | 0.58400 |    1.34757 |
|  3276 | 0.11600 |    0.13190 |
|  3277 | 0.36400 |    0.58291 |
|  3279 | 0.81700 |    2.96579 |
|  3278 | 0.58500 |    1.35229 |
|  3276 | 0.11700 |    0.13320 |
|  3277 | 0.36500 |    0.58541 |
|  3279 | 0.81800 |    2.97574 |
|  3278 | 0.58600 |    1.35703 |
|  3276 | 0.11800 |    0.13450 |
|  3277 | 0.36600 |    0.58792 |
|  3279 | 0.81900 |    2.98573 |
|  3278 | 0.58700 |    1.36178 |
|  3276 | 0.11900 |    0.13581 |
|  3277 | 0.36700 |    0.59043 |
|  3279 | 0.82000 |    2.99575 |
|  3278 | 0.58800 |    1.36655 |
|  3276 | 0.12000 |    0.13711 |
|  3277 | 0.36800 |    0.59296 |
|  3279 | 0.82100 |    3.00580 |
|  3278 | 0.58900 |    1.37133 |
|  3276 | 0.12100 |    0.13842 |
|  3277 | 0.36900 |    0.59548 |
|  3279 | 0.82200 |    3.01589 |
|  3278 | 0.59000 |    1.37612 |
|  3276 | 0.12200 |    0.13974 |
|  3277 | 0.37000 |    0.59802 |
|  3279 | 0.82300 |    3.02601 |
|  3278 | 0.59100 |    1.38093 |
|  3276 | 0.12300 |    0.14106 |
|  3277 | 0.37100 |    0.60056 |
|  3279 | 0.82400 |    3.03617 |
|  3278 | 0.59200 |    1.38575 |
|  3276 | 0.12400 |    0.14238 |
|  3277 | 0.37200 |    0.60311 |
|  3279 | 0.82500 |    3.04637 |
|  3278 | 0.59300 |    1.39059 |
|  3276 | 0.12500 |    0.14370 |
|  3277 | 0.37300 |    0.60567 |
|  3279 | 0.82600 |    3.05660 |
|  3278 | 0.59400 |    1.39544 |
|  3276 | 0.12600 |    0.14503 |
|  3277 | 0.37400 |    0.60823 |
|  3279 | 0.82700 |    3.06686 |
|  3278 | 0.59500 |    1.40031 |
|  3276 | 0.12700 |    0.14636 |
|  3277 | 0.37500 |    0.61080 |
|  3279 | 0.82800 |    3.07716 |
|  3278 | 0.59600 |    1.40519 |
|  3276 | 0.12800 |    0.14769 |
|  3277 | 0.37600 |    0.61338 |
|  3279 | 0.82900 |    3.08750 |
|  3278 | 0.59700 |    1.41009 |
|  3276 | 0.12900 |    0.14903 |
|  3277 | 0.37700 |    0.61596 |
|  3279 | 0.83000 |    3.09787 |
|  3278 | 0.59800 |    1.41500 |
|  3276 | 0.13000 |    0.15037 |
|  3277 | 0.37800 |    0.61856 |
|  3279 | 0.83100 |    3.10828 |
|  3278 | 0.59900 |    1.41993 |
|  3276 | 0.13100 |    0.15171 |
|  3277 | 0.37900 |    0.62116 |
|  3279 | 0.83200 |    3.11873 |
|  3278 | 0.60000 |    1.42487 |
|  3276 | 0.13200 |    0.15306 |
|  3277 | 0.38000 |    0.62376 |
|  3279 | 0.83300 |    3.12921 |
|  3278 | 0.60100 |    1.42982 |
|  3276 | 0.13300 |    0.15441 |
|  3277 | 0.38100 |    0.62638 |
|  3279 | 0.83400 |    3.13973 |
|  3278 | 0.60200 |    1.43480 |
|  3276 | 0.13400 |    0.15576 |
|  3277 | 0.38200 |    0.62900 |
|  3279 | 0.83500 |    3.15028 |
|  3278 | 0.60300 |    1.43978 |
|  3276 | 0.13500 |    0.15712 |
|  3277 | 0.38300 |    0.63163 |
|  3279 | 0.83600 |    3.16088 |
|  3278 | 0.60400 |    1.44478 |
|  3276 | 0.13600 |    0.15847 |
|  3277 | 0.38400 |    0.63427 |
|  3279 | 0.83700 |    3.17151 |
|  3278 | 0.60500 |    1.44980 |
|  3276 | 0.13700 |    0.15984 |
|  3277 | 0.38500 |    0.63691 |
|  3279 | 0.83800 |    3.18217 |
|  3278 | 0.60600 |    1.45483 |
|  3276 | 0.13800 |    0.16120 |
|  3277 | 0.38600 |    0.63956 |
|  3279 | 0.83900 |    3.19288 |
|  3278 | 0.60700 |    1.45988 |
|  3276 | 0.13900 |    0.16257 |
|  3277 | 0.38700 |    0.64222 |
|  3279 | 0.84000 |    3.20362 |
|  3278 | 0.60800 |    1.46494 |
|  3276 | 0.14000 |    0.16395 |
|  3277 | 0.38800 |    0.64489 |
|  3279 | 0.84100 |    3.21440 |
|  3278 | 0.60900 |    1.47002 |
|  3276 | 0.14100 |    0.16533 |
|  3277 | 0.38900 |    0.64756 |
|  3279 | 0.84200 |    3.22521 |
|  3278 | 0.61000 |    1.47512 |
|  3276 | 0.14200 |    0.16671 |
|  3277 | 0.39000 |    0.65024 |
|  3279 | 0.84300 |    3.23607 |
|  3278 | 0.61100 |    1.48022 |
|  3276 | 0.14300 |    0.16809 |
|  3277 | 0.39100 |    0.65293 |
|  3279 | 0.84400 |    3.24696 |
|  3278 | 0.61200 |    1.48535 |
|  3276 | 0.14400 |    0.16948 |
|  3277 | 0.39200 |    0.65563 |
|  3279 | 0.84500 |    3.25790 |
|  3278 | 0.61300 |    1.49049 |
|  3276 | 0.14500 |    0.17087 |
|  3277 | 0.39300 |    0.65833 |
|  3279 | 0.84600 |    3.26887 |
|  3278 | 0.61400 |    1.49564 |
|  3276 | 0.14600 |    0.17226 |
|  3277 | 0.39400 |    0.66104 |
|  3279 | 0.84700 |    3.27988 |
|  3278 | 0.61500 |    1.50082 |
|  3276 | 0.14700 |    0.17366 |
|  3277 | 0.39500 |    0.66376 |
|  3279 | 0.84800 |    3.29092 |
|  3278 | 0.61600 |    1.50600 |
|  3276 | 0.14800 |    0.17506 |
|  3277 | 0.39600 |    0.66649 |
|  3279 | 0.84900 |    3.30201 |
|  3278 | 0.61700 |    1.51121 |
|  3276 | 0.14900 |    0.17646 |
|  3277 | 0.39700 |    0.66922 |
|  3279 | 0.85000 |    3.31314 |
|  3278 | 0.61800 |    1.51643 |
|  3276 | 0.15000 |    0.17787 |
|  3277 | 0.39800 |    0.67197 |
|  3279 | 0.85100 |    3.32430 |
|  3278 | 0.61900 |    1.52166 |
|  3276 | 0.15100 |    0.17928 |
|  3277 | 0.39900 |    0.67472 |
|  3279 | 0.85200 |    3.33551 |
|  3278 | 0.62000 |    1.52691 |
|  3276 | 0.15200 |    0.18070 |
|  3277 | 0.40000 |    0.67747 |
|  3279 | 0.85300 |    3.34676 |
|  3278 | 0.62100 |    1.53218 |
|  3276 | 0.15300 |    0.18212 |
|  3277 | 0.40100 |    0.68024 |
|  3279 | 0.85400 |    3.35804 |
|  3278 | 0.62200 |    1.53746 |
|  3276 | 0.15400 |    0.18354 |
|  3277 | 0.40200 |    0.68301 |
|  3279 | 0.85500 |    3.36937 |
|  3278 | 0.62300 |    1.54276 |
|  3276 | 0.15500 |    0.18497 |
|  3277 | 0.40300 |    0.68579 |
|  3279 | 0.85600 |    3.38073 |
|  3278 | 0.62400 |    1.54808 |
|  3276 | 0.15600 |    0.18640 |
|  3277 | 0.40400 |    0.68858 |
|  3279 | 0.85700 |    3.39214 |
|  3278 | 0.62500 |    1.55341 |
|  3276 | 0.15700 |    0.18783 |
|  3277 | 0.40500 |    0.69138 |
|  3279 | 0.85800 |    3.40359 |
|  3278 | 0.62600 |    1.55876 |
|  3276 | 0.15800 |    0.18927 |
|  3277 | 0.40600 |    0.69419 |
|  3279 | 0.85900 |    3.41508 |
|  3278 | 0.62700 |    1.56412 |
|  3276 | 0.15900 |    0.19071 |
|  3277 | 0.40700 |    0.69700 |
|  3279 | 0.86000 |    3.42660 |
|  3278 | 0.62800 |    1.56951 |
|  3276 | 0.16000 |    0.19215 |
|  3277 | 0.40800 |    0.69982 |
|  3279 | 0.86100 |    3.43818 |
|  3278 | 0.62900 |    1.57490 |
|  3276 | 0.16100 |    0.19360 |
|  3277 | 0.40900 |    0.70265 |
|  3279 | 0.86200 |    3.44979 |
|  3278 | 0.63000 |    1.58032 |
|  3276 | 0.16200 |    0.19505 |
|  3277 | 0.41000 |    0.70549 |
|  3279 | 0.86300 |    3.46144 |
|  3278 | 0.63100 |    1.58575 |
|  3276 | 0.16300 |    0.19650 |
|  3277 | 0.41100 |    0.70833 |
|  3279 | 0.86400 |    3.47314 |
|  3278 | 0.63200 |    1.59120 |
|  3276 | 0.16400 |    0.19796 |
|  3277 | 0.41200 |    0.71118 |
|  3279 | 0.86500 |    3.48487 |
|  3278 | 0.63300 |    1.59666 |
|  3276 | 0.16500 |    0.19943 |
|  3277 | 0.41300 |    0.71404 |
|  3279 | 0.86600 |    3.49665 |
|  3278 | 0.63400 |    1.60214 |
|  3276 | 0.16600 |    0.20089 |
|  3277 | 0.41400 |    0.71691 |
|  3279 | 0.86700 |    3.50847 |
|  3278 | 0.63500 |    1.60764 |
|  3276 | 0.16700 |    0.20236 |
|  3277 | 0.41500 |    0.71979 |
|  3279 | 0.86800 |    3.52034 |
|  3278 | 0.63600 |    1.61315 |
|  3276 | 0.16800 |    0.20384 |
|  3277 | 0.41600 |    0.72268 |
|  3279 | 0.86900 |    3.53225 |
|  3278 | 0.63700 |    1.61869 |
|  3276 | 0.16900 |    0.20531 |
|  3277 | 0.41700 |    0.72557 |
|  3279 | 0.87000 |    3.54419 |
|  3278 | 0.63800 |    1.62424 |
|  3276 | 0.17000 |    0.20679 |
|  3277 | 0.41800 |    0.72847 |
|  3279 | 0.87100 |    3.55619 |
|  3278 | 0.63900 |    1.62980 |
|  3276 | 0.17100 |    0.20828 |
|  3277 | 0.41900 |    0.73138 |
|  3279 | 0.87200 |    3.56822 |
|  3278 | 0.64000 |    1.63539 |
|  3276 | 0.17200 |    0.20977 |
|  3277 | 0.42000 |    0.73430 |
|  3279 | 0.87300 |    3.58030 |
|  3278 | 0.64100 |    1.64099 |
|  3276 | 0.17300 |    0.21126 |
|  3277 | 0.42100 |    0.73723 |
|  3279 | 0.87400 |    3.59243 |
|  3278 | 0.64200 |    1.64660 |
|  3276 | 0.17400 |    0.21276 |
|  3277 | 0.42200 |    0.74016 |
|  3279 | 0.87500 |    3.60460 |
|  3278 | 0.64300 |    1.65224 |
|  3276 | 0.17500 |    0.21426 |
|  3277 | 0.42300 |    0.74311 |
|  3279 | 0.87600 |    3.61681 |
|  3278 | 0.64400 |    1.65789 |
|  3276 | 0.17600 |    0.21576 |
|  3277 | 0.42400 |    0.74606 |
|  3279 | 0.87700 |    3.62906 |
|  3278 | 0.64500 |    1.66356 |
|  3276 | 0.17700 |    0.21727 |
|  3277 | 0.42500 |    0.74902 |
|  3279 | 0.87800 |    3.64136 |
|  3278 | 0.64600 |    1.66925 |
|  3276 | 0.17800 |    0.21878 |
|  3277 | 0.42600 |    0.75199 |
|  3279 | 0.87900 |    3.65371 |
|  3278 | 0.64700 |    1.67496 |
|  3276 | 0.17900 |    0.22030 |
|  3277 | 0.42700 |    0.75496 |
|  3279 | 0.88000 |    3.66610 |
|  3278 | 0.64800 |    1.68068 |
|  3276 | 0.18000 |    0.22182 |
|  3277 | 0.42800 |    0.75795 |
|  3279 | 0.88100 |    3.67853 |
|  3278 | 0.64900 |    1.68642 |
|  3276 | 0.18100 |    0.22334 |
|  3277 | 0.42900 |    0.76094 |
|  3279 | 0.88200 |    3.69101 |
|  3278 | 0.65000 |    1.69218 |
|  3276 | 0.18200 |    0.22487 |
|  3277 | 0.43000 |    0.76395 |
|  3279 | 0.88300 |    3.70354 |
|  3278 | 0.65100 |    1.69796 |
|  3276 | 0.18300 |    0.22640 |
|  3277 | 0.43100 |    0.76696 |
|  3279 | 0.88400 |    3.71611 |
|  3278 | 0.65200 |    1.70375 |
|  3276 | 0.18400 |    0.22793 |
|  3277 | 0.43200 |    0.76998 |
|  3279 | 0.88500 |    3.72873 |
|  3278 | 0.65300 |    1.70956 |
|  3276 | 0.18500 |    0.22947 |
|  3277 | 0.43300 |    0.77301 |
|  3279 | 0.88600 |    3.74139 |
|  3278 | 0.65400 |    1.71539 |
|  3276 | 0.18600 |    0.23102 |
|  3277 | 0.43400 |    0.77604 |
|  3279 | 0.88700 |    3.75410 |
|  3278 | 0.65500 |    1.72124 |
|  3276 | 0.18700 |    0.23256 |
|  3277 | 0.43500 |    0.77909 |
|  3279 | 0.88800 |    3.76686 |
|  3278 | 0.65600 |    1.72711 |
|  3276 | 0.18800 |    0.23411 |
|  3277 | 0.43600 |    0.78214 |
|  3279 | 0.88900 |    3.77966 |
|  3278 | 0.65700 |    1.73299 |
|  3276 | 0.18900 |    0.23567 |
|  3277 | 0.43700 |    0.78521 |
|  3279 | 0.89000 |    3.79251 |
|  3278 | 0.65800 |    1.73890 |
|  3276 | 0.19000 |    0.23723 |
|  3277 | 0.43800 |    0.78828 |
|  3279 | 0.89100 |    3.80541 |
|  3278 | 0.65900 |    1.74482 |
|  3276 | 0.19100 |    0.23879 |
|  3277 | 0.43900 |    0.79136 |
|  3279 | 0.89200 |    3.81836 |
|  3278 | 0.66000 |    1.75076 |
|  3276 | 0.19200 |    0.24036 |
|  3277 | 0.44000 |    0.79445 |
|  3279 | 0.89300 |    3.83135 |
|  3278 | 0.66100 |    1.75672 |
|  3276 | 0.19300 |    0.24193 |
|  3277 | 0.44100 |    0.79755 |
|  3279 | 0.89400 |    3.84439 |
|  3278 | 0.66200 |    1.76270 |
|  3276 | 0.19400 |    0.24351 |
|  3277 | 0.44200 |    0.80065 |
|  3279 | 0.89500 |    3.85748 |
|  3278 | 0.66300 |    1.76869 |
|  3276 | 0.19500 |    0.24509 |
|  3277 | 0.44300 |    0.80377 |
|  3279 | 0.89600 |    3.87062 |
|  3278 | 0.66400 |    1.77471 |
|  3276 | 0.19600 |    0.24667 |
|  3277 | 0.44400 |    0.80689 |
|  3279 | 0.89700 |    3.88380 |
|  3278 | 0.66500 |    1.78074 |
|  3276 | 0.19700 |    0.24826 |
|  3277 | 0.44500 |    0.81003 |
|  3279 | 0.89800 |    3.89704 |
|  3278 | 0.66600 |    1.78679 |
|  3276 | 0.19800 |    0.24985 |
|  3277 | 0.44600 |    0.81317 |
|  3279 | 0.89900 |    3.91032 |
|  3278 | 0.66700 |    1.79286 |
|  3276 | 0.19900 |    0.25144 |
|  3277 | 0.44700 |    0.81632 |
|  3279 | 0.90000 |    3.92366 |
|  3278 | 0.66800 |    1.79895 |
|  3276 | 0.20000 |    0.25304 |
|  3277 | 0.44800 |    0.81948 |
|  3279 | 0.90100 |    3.93704 |
|  3278 | 0.66900 |    1.80506 |
|  3276 | 0.20100 |    0.25465 |
|  3277 | 0.44900 |    0.82265 |
|  3279 | 0.90200 |    3.95047 |
|  3278 | 0.67000 |    1.81119 |
|  3276 | 0.20200 |    0.25626 |
|  3277 | 0.45000 |    0.82583 |
|  3279 | 0.90300 |    3.96395 |
|  3278 | 0.67100 |    1.81734 |
|  3276 | 0.20300 |    0.25787 |
|  3277 | 0.45100 |    0.82902 |
|  3279 | 0.90400 |    3.97749 |
|  3278 | 0.67200 |    1.82351 |
|  3276 | 0.20400 |    0.25949 |
|  3277 | 0.45200 |    0.83222 |
|  3279 | 0.90500 |    3.99107 |
|  3278 | 0.67300 |    1.82969 |
|  3276 | 0.20500 |    0.26111 |
|  3277 | 0.45300 |    0.83542 |
|  3279 | 0.90600 |    4.00470 |
|  3278 | 0.67400 |    1.83590 |
|  3276 | 0.20600 |    0.26273 |
|  3277 | 0.45400 |    0.83864 |
|  3279 | 0.90700 |    4.01839 |
|  3278 | 0.67500 |    1.84213 |
|  3276 | 0.20700 |    0.26436 |
|  3277 | 0.45500 |    0.84186 |
|  3279 | 0.90800 |    4.03212 |
|  3278 | 0.67600 |    1.84837 |
|  3276 | 0.20800 |    0.26600 |
|  3277 | 0.45600 |    0.84510 |
|  3279 | 0.90900 |    4.04591 |
|  3278 | 0.67700 |    1.85464 |
|  3276 | 0.20900 |    0.26763 |
|  3277 | 0.45700 |    0.84834 |
|  3279 | 0.91000 |    4.05975 |
|  3278 | 0.67800 |    1.86092 |
|  3276 | 0.21000 |    0.26928 |
|  3277 | 0.45800 |    0.85159 |
|  3279 | 0.91100 |    4.07364 |
|  3278 | 0.67900 |    1.86722 |
|  3276 | 0.21100 |    0.27092 |
|  3277 | 0.45900 |    0.85486 |
|  3279 | 0.91200 |    4.08758 |
|  3278 | 0.68000 |    1.87355 |
|  3276 | 0.21200 |    0.27257 |
|  3277 | 0.46000 |    0.85813 |
|  3279 | 0.91300 |    4.10158 |
|  3278 | 0.68100 |    1.87989 |
|  3276 | 0.21300 |    0.27423 |
|  3277 | 0.46100 |    0.86141 |
|  3279 | 0.91400 |    4.11562 |
|  3278 | 0.68200 |    1.88626 |
|  3276 | 0.21400 |    0.27589 |
|  3277 | 0.46200 |    0.86470 |
|  3279 | 0.91500 |    4.12973 |
|  3278 | 0.68300 |    1.89264 |
|  3276 | 0.21500 |    0.27755 |
|  3277 | 0.46300 |    0.86800 |
|  3279 | 0.91600 |    4.14388 |
|  3278 | 0.68400 |    1.89905 |
|  3276 | 0.21600 |    0.27922 |
|  3277 | 0.46400 |    0.87131 |
|  3279 | 0.91700 |    4.15809 |
|  3278 | 0.68500 |    1.90547 |
|  3276 | 0.21700 |    0.28090 |
|  3277 | 0.46500 |    0.87463 |
|  3279 | 0.91800 |    4.17235 |
|  3278 | 0.68600 |    1.91191 |
|  3276 | 0.21800 |    0.28257 |
|  3277 | 0.46600 |    0.87796 |
|  3279 | 0.91900 |    4.18666 |
|  3278 | 0.68700 |    1.91838 |
|  3276 | 0.21900 |    0.28425 |
|  3277 | 0.46700 |    0.88129 |
|  3279 | 0.92000 |    4.20103 |
|  3278 | 0.68800 |    1.92487 |
|  3276 | 0.22000 |    0.28594 |
|  3277 | 0.46800 |    0.88464 |
|  3279 | 0.92100 |    4.21545 |
|  3278 | 0.68900 |    1.93137 |
|  3276 | 0.22100 |    0.28763 |
|  3277 | 0.46900 |    0.88800 |
|  3279 | 0.92200 |    4.22993 |
|  3278 | 0.69000 |    1.93790 |
|  3276 | 0.22200 |    0.28933 |
|  3277 | 0.47000 |    0.89137 |
|  3279 | 0.92300 |    4.24446 |
|  3278 | 0.69100 |    1.94445 |
|  3276 | 0.22300 |    0.29103 |
|  3277 | 0.47100 |    0.89474 |
|  3279 | 0.92400 |    4.25905 |
|  3278 | 0.69200 |    1.95101 |
|  3276 | 0.22400 |    0.29273 |
|  3277 | 0.47200 |    0.89813 |
|  3279 | 0.92500 |    4.27370 |
|  3278 | 0.69300 |    1.95760 |
|  3276 | 0.22500 |    0.29444 |
|  3277 | 0.47300 |    0.90153 |
|  3279 | 0.92600 |    4.28840 |
|  3278 | 0.69400 |    1.96421 |
|  3276 | 0.22600 |    0.29615 |
|  3277 | 0.47400 |    0.90493 |
|  3279 | 0.92700 |    4.30315 |
|  3278 | 0.69500 |    1.97084 |
|  3276 | 0.22700 |    0.29787 |
|  3277 | 0.47500 |    0.90835 |
|  3279 | 0.92800 |    4.31796 |
|  3278 | 0.69600 |    1.97750 |
|  3276 | 0.22800 |    0.29959 |
|  3277 | 0.47600 |    0.91177 |
|  3279 | 0.92900 |    4.33283 |
|  3278 | 0.69700 |    1.98417 |
|  3276 | 0.22900 |    0.30132 |
|  3277 | 0.47700 |    0.91521 |
|  3279 | 0.93000 |    4.34776 |
|  3278 | 0.69800 |    1.99086 |
|  3276 | 0.23000 |    0.30305 |
|  3277 | 0.47800 |    0.91866 |
|  3279 | 0.93100 |    4.36274 |
|  3278 | 0.69900 |    1.99758 |
|  3276 | 0.23100 |    0.30478 |
|  3277 | 0.47900 |    0.92211 |
|  3279 | 0.93200 |    4.37778 |
|  3278 | 0.70000 |    2.00432 |
|  3276 | 0.23200 |    0.30652 |
|  3277 | 0.48000 |    0.92558 |
|  3279 | 0.93300 |    4.39288 |
|  3278 | 0.70100 |    2.01108 |
|  3276 | 0.23300 |    0.30827 |
|  3277 | 0.48100 |    0.92905 |
|  3279 | 0.93400 |    4.40803 |
|  3278 | 0.70200 |    2.01786 |
|  3276 | 0.23400 |    0.31002 |
|  3277 | 0.48200 |    0.93254 |
|  3279 | 0.93500 |    4.42324 |
|  3278 | 0.70300 |    2.02466 |
|  3276 | 0.23500 |    0.31177 |
|  3277 | 0.48300 |    0.93604 |
|  3279 | 0.93600 |    4.43852 |
|  3278 | 0.70400 |    2.03148 |
|  3276 | 0.23600 |    0.31353 |
|  3277 | 0.48400 |    0.93954 |
|  3279 | 0.93700 |    4.45385 |
|  3278 | 0.70500 |    2.03833 |
|  3276 | 0.23700 |    0.31530 |
|  3277 | 0.48500 |    0.94306 |
|  3279 | 0.93800 |    4.46924 |
|  3278 | 0.70600 |    2.04519 |
|  3276 | 0.23800 |    0.31706 |
|  3277 | 0.48600 |    0.94658 |
|  3279 | 0.93900 |    4.48469 |
|  3278 | 0.70700 |    2.05208 |
|  3276 | 0.23900 |    0.31884 |
|  3277 | 0.48700 |    0.95012 |
|  3279 | 0.94000 |    4.50020 |
|  3278 | 0.70800 |    2.05900 |
|  3276 | 0.24000 |    0.32061 |
|  3277 | 0.48800 |    0.95367 |
|  3279 | 0.94100 |    4.51577 |
|  3278 | 0.70900 |    2.06593 |
|  3276 | 0.24100 |    0.32240 |
|  3277 | 0.48900 |    0.95723 |
|  3279 | 0.94200 |    4.53139 |
|  3278 | 0.71000 |    2.07288 |
|  3276 | 0.24200 |    0.32418 |
|  3277 | 0.49000 |    0.96079 |
|  3279 | 0.94300 |    4.54708 |
|  3278 | 0.71100 |    2.07986 |
|  3276 | 0.24300 |    0.32598 |
|  3277 | 0.49100 |    0.96437 |
|  3279 | 0.94400 |    4.56284 |
|  3278 | 0.71200 |    2.08686 |
|  3276 | 0.24400 |    0.32777 |
|  3277 | 0.49200 |    0.96796 |
|  3279 | 0.94500 |    4.57865 |
|  3278 | 0.71300 |    2.09389 |
|  3276 | 0.24500 |    0.32957 |
|  3277 | 0.49300 |    0.97156 |
|  3279 | 0.94600 |    4.59452 |
|  3278 | 0.71400 |    2.10093 |
|  3276 | 0.24600 |    0.33138 |
|  3277 | 0.49400 |    0.97517 |
|  3279 | 0.94700 |    4.61046 |
|  3278 | 0.71500 |    2.10800 |
|  3276 | 0.24700 |    0.33319 |
|  3277 | 0.49500 |    0.97879 |
|  3279 | 0.94800 |    4.62645 |
|  3278 | 0.71600 |    2.11509 |
|  3276 | 0.24800 |    0.33501 |
|  3277 | 0.49600 |    0.98242 |
|  3279 | 0.94900 |    4.64251 |
|  3278 | 0.71700 |    2.12220 |
|  3276 | 0.24900 |    0.33683 |
|  3277 | 0.49700 |    0.98606 |
|  3279 | 0.95000 |    4.65864 |
|  3278 | 0.71800 |    2.12934 |
|  3277 | 0.49800 |    0.98971 |
|  3279 | 0.95100 |    4.67482 |
|  3278 | 0.71900 |    2.13650 |
|  3277 | 0.49900 |    0.99337 |
|  3279 | 0.95200 |    4.69107 |
|  3278 | 0.72000 |    2.14368 |
|  3277 | 0.50000 |    0.99705 |
|  3279 | 0.95300 |    4.70739 |
|  3278 | 0.72100 |    2.15089 |
|  3279 | 0.95400 |    4.72376 |
|  3278 | 0.72200 |    2.15812 |
|  3279 | 0.95500 |    4.74020 |
|  3278 | 0.72300 |    2.16537 |
|  3279 | 0.95600 |    4.75671 |
|  3278 | 0.72400 |    2.17265 |
|  3279 | 0.95700 |    4.77328 |
|  3278 | 0.72500 |    2.17994 |
|  3279 | 0.95800 |    4.78992 |
|  3278 | 0.72600 |    2.18727 |
|  3279 | 0.95900 |    4.80662 |
|  3278 | 0.72700 |    2.19461 |
|  3279 | 0.96000 |    4.82339 |
|  3278 | 0.72800 |    2.20198 |
|  3279 | 0.96100 |    4.84022 |
|  3278 | 0.72900 |    2.20938 |
|  3279 | 0.96200 |    4.85712 |
|  3278 | 0.73000 |    2.21680 |
|  3279 | 0.96300 |    4.87409 |
|  3278 | 0.73100 |    2.22424 |
|  3279 | 0.96400 |    4.89113 |
|  3278 | 0.73200 |    2.23171 |
|  3279 | 0.96500 |    4.90823 |
|  3278 | 0.73300 |    2.23920 |
|  3279 | 0.96600 |    4.92540 |
|  3278 | 0.73400 |    2.24671 |
|  3279 | 0.96700 |    4.94264 |
|  3278 | 0.73500 |    2.25425 |
|  3279 | 0.96800 |    4.95995 |
|  3278 | 0.73600 |    2.26182 |
|  3279 | 0.96900 |    4.97733 |
|  3278 | 0.73700 |    2.26940 |
|  3279 | 0.97000 |    4.99478 |
|  3278 | 0.73800 |    2.27702 |
|  3279 | 0.97100 |    5.01229 |
|  3278 | 0.73900 |    2.28466 |
|  3279 | 0.97200 |    5.02988 |
|  3278 | 0.74000 |    2.29232 |
|  3279 | 0.97300 |    5.04754 |
|  3278 | 0.74100 |    2.30001 |
|  3279 | 0.97400 |    5.06527 |
|  3278 | 0.74200 |    2.30772 |
|  3279 | 0.97500 |    5.08307 |
|  3278 | 0.74300 |    2.31546 |
|  3279 | 0.97600 |    5.10094 |
|  3278 | 0.74400 |    2.32323 |
|  3279 | 0.97700 |    5.11888 |
|  3278 | 0.74500 |    2.33101 |
|  3279 | 0.97800 |    5.13690 |
|  3278 | 0.74600 |    2.33883 |
|  3279 | 0.97900 |    5.15499 |
|  3278 | 0.74700 |    2.34667 |
|  3279 | 0.98000 |    5.17315 |
|  3278 | 0.74800 |    2.35454 |
|  3279 | 0.98100 |    5.19139 |
|  3278 | 0.74900 |    2.36243 |
|  3279 | 0.98200 |    5.20970 |
|  3278 | 0.75000 |    2.37035 |
|  3279 | 0.98300 |    5.22808 |
|  3279 | 0.98400 |    5.24654 |
|  3279 | 0.98500 |    5.26507 |
|  3279 | 0.98600 |    5.28368 |
|  3279 | 0.98700 |    5.30237 |
|  3279 | 0.98800 |    5.32113 |
|  3279 | 0.98900 |    5.33997 |
|  3279 | 0.99000 |    5.35889 |
|  3279 | 0.99100 |    5.37788 |
|  3279 | 0.99200 |    5.39695 |
|  3279 | 0.99300 |    5.41610 |
|  3279 | 0.99400 |    5.43533 |
|  3279 | 0.99500 |    5.45464 |
|  3279 | 0.99600 |    5.47403 |
|  3279 | 0.99700 |    5.49349 |
|  3279 | 0.99800 |    5.51304 |
|  3279 | 0.99900 |    5.53267 |
|  3279 | 1.00000 |    5.55238 |
----------------------
----------------------
----------------------
Time elapsed: 0.003213 seconds
----------------------
----------------------
----------------------
