
|   ID  |    x    |      y     |
| 36452 | 1.50000 |  100.72512 |
| 36452 | 1.50100 |  102.32016 |
| 36452 | 1.50200 |  103.96175 |
| 36452 | 1.50300 |  105.65197 |
| 36452 | 1.50400 |  107.39300 |
| 36452 | 1.50500 |  109.18713 |
| 36452 | 1.50600 |  111.03687 |
| 36452 | 1.50700 |  112.94479 |
| 36452 | 1.50800 |  114.91367 |
| 36452 | 1.50900 |  116.94650 |
| 36452 | 1.51000 |  119.04642 |
| 36452 | 1.51100 |  121.21680 |
| 36452 | 1.51200 |  123.46123 |
| 36452 | 1.51300 |  125.78356 |
| 36452 | 1.51400 |  128.18790 |
| 36452 | 1.51500 |  130.67867 |
| 36452 | 1.51600 |  133.26059 |
| 36452 | 1.51700 |  135.93875 |
| 36452 | 1.51800 |  138.71863 |
| 36452 | 1.51900 |  141.60608 |
| 36452 | 1.52000 |  144.60750 |
| 36452 | 1.52100 |  147.72975 |
| 36452 | 1.52200 |  150.98026 |
| 36452 | 1.52300 |  154.36705 |
| 36452 | 1.52400 |  157.89890 |
| 36452 | 1.52500 |  161.58527 |
| 36452 | 1.52600 |  165.43654 |
| 36452 | 1.52700 |  169.46400 |
| 36452 | 1.52800 |  173.67999 |
| 36452 | 1.52900 |  178.09808 |
| 36452 | 1.53000 |  182.73311 |
| 36452 | 1.53100 |  187.60141 |
| 36452 | 1.53200 |  192.72105 |
| 36452 | 1.53300 |  198.11200 |
| 36452 | 1.53400 |  203.79634 |
| 36452 | 1.53500 |  209.79866 |
| 36452 | 1.53600 |  216.14642 |
| 36452 | 1.53700 |  222.87025 |
| 36452 | 1.53800 |  230.00459 |
| 36452 | 1.53900 |  237.58813 |
| 36452 | 1.54000 |  245.66470 |
| 36452 | 1.54100 |  254.28387 |
| 36452 | 1.54200 |  263.50226 |
| 36452 | 1.54300 |  273.38443 |
| 36452 | 1.54400 |  284.00479 |
| 36452 | 1.54500 |  295.44925 |
| 36452 | 1.54600 |  307.81741 |
| 36452 | 1.54700 |  321.22583 |
| 36452 | 1.54800 |  335.81134 |
| 36452 | 1.54900 |  351.73608 |
| 36452 | 1.55000 |  369.19321 |
| 36452 | 1.55100 |  388.41501 |
| 36452 | 1.55200 |  409.68317 |
| 36452 | 1.55300 |  433.34277 |
| 36452 | 1.55400 |  459.82098 |
| 36452 | 1.55500 |  489.65326 |
| 36452 | 1.55600 |  523.51978 |
| 36452 | 1.55700 |  562.29803 |
| 36452 | 1.55800 |  607.13983 |
| 36452 | 1.55900 |  659.58765 |
| 36452 | 1.56000 |  721.75568 |
| 36452 | 1.56100 |  796.62177 |
| 36452 | 1.56200 |  888.51813 |
| 36452 | 1.56300 |  1004.00092 |
| 36452 | 1.56400 |  1153.48682 |
| 36452 | 1.56500 |  1354.58521 |
| 36452 | 1.56600 |  1639.60156 |
| 36452 | 1.56700 |  2074.91089 |
| 36452 | 1.56800 |  2821.95142 |
| 36452 | 1.56900 |  4402.33203 |
| 36452 | 1.57000 |  9969.06250 |
| 36452 | 1.57100 | -38222.99219 |
| 36452 | 1.57200 | -6567.43750 |
| 36452 | 1.57300 | -3597.08350 |
| 36452 | 1.57400 | -2479.09497 |
| 36452 | 1.57500 | -1892.58667 |
| 36452 | 1.57600 | -1531.35376 |
| 36452 | 1.57700 | -1286.51648 |
| 36452 | 1.57800 | -1109.62463 |
| 36452 | 1.57900 | -975.84143 |
| 36452 | 1.58000 | -871.12061 |
| 36452 | 1.58100 | -786.92041 |
| 36452 | 1.58200 | -717.74786 |
| 36452 | 1.58300 | -659.90948 |
| 36452 | 1.58400 | -610.83093 |
| 36452 | 1.58500 | -568.66241 |
| 36452 | 1.58600 | -532.04065 |
| 36452 | 1.58700 | -499.93909 |
| 36452 | 1.58800 | -471.56952 |
| 36452 | 1.58900 | -446.31705 |
| 36452 | 1.59000 | -423.69492 |
| 36452 | 1.59100 | -403.31244 |
| 36452 | 1.59200 | -384.85284 |
| 36452 | 1.59300 | -368.05646 |
| 36452 | 1.59400 | -352.70819 |
| 36452 | 1.59500 | -338.62857 |
| 36452 | 1.59600 | -325.66672 |
| 36452 | 1.59700 | -313.69452 |
| 36452 | 1.59800 | -302.60300 |
| 36452 | 1.59900 | -292.29840 |
| 36452 | 1.60000 | -282.69995 |
| 36452 | 1.60100 | -273.73746 |
| 36452 | 1.60200 | -265.34982 |
| 36452 | 1.60300 | -257.48355 |
| 36452 | 1.60400 | -250.09143 |
| 36452 | 1.60501 | -243.13194 |
| 36452 | 1.60601 | -236.56821 |
| 36452 | 1.60701 | -230.36746 |
| 36452 | 1.60801 | -224.50046 |
| 36452 | 1.60901 | -218.94090 |
| 36452 | 1.61001 | -213.66536 |
| 36452 | 1.61101 | -208.65259 |
| 36452 | 1.61201 | -203.88348 |
| 36452 | 1.61301 | -199.34070 |
| 36452 | 1.61401 | -195.00853 |
| 36452 | 1.61501 | -190.87273 |
| 36452 | 1.61601 | -186.92018 |
| 36452 | 1.61701 | -183.13904 |
| 36452 | 1.61801 | -179.51846 |
| 36452 | 1.61901 | -176.04832 |
| 36452 | 1.62001 | -172.71959 |
| 36452 | 1.62101 | -169.52374 |
| 36452 | 1.62201 | -166.45299 |
| 36452 | 1.62301 | -163.50020 |
| 36452 | 1.62401 | -160.65863 |
| 36452 | 1.62501 | -157.92221 |
| 36452 | 1.62601 | -155.28520 |
| 36452 | 1.62701 | -152.74228 |
| 36452 | 1.62801 | -150.28853 |
| 36452 | 1.62901 | -147.91936 |
| 36452 | 1.63001 | -145.63045 |
| 36452 | 1.63101 | -143.41783 |
| 36452 | 1.63201 | -141.27779 |
| 36452 | 1.63301 | -139.20679 |
| 36452 | 1.63401 | -137.20154 |
| 36452 | 1.63501 | -135.25899 |
| 36452 | 1.63601 | -133.37627 |
| 36452 | 1.63701 | -131.55063 |
| 36452 | 1.63801 | -129.77957 |
| 36452 | 1.63901 | -128.06067 |
| 36452 | 1.64001 | -126.39165 |
| 36452 | 1.64101 | -124.77040 |
| 36452 | 1.64201 | -123.19489 |
| 36452 | 1.64301 | -121.66324 |
| 36452 | 1.64401 | -120.17366 |
| 36452 | 1.64501 | -118.72442 |
| 36452 | 1.64601 | -117.31391 |
| 36452 | 1.64701 | -115.94065 |
| 36452 | 1.64801 | -114.60314 |
| 36452 | 1.64901 | -113.30006 |
| 36452 | 1.65001 | -112.03005 |
| 36452 | 1.65101 | -110.79192 |
| 36452 | 1.65201 | -109.58447 |
| 36452 | 1.65301 | -108.40659 |
| 36452 | 1.65401 | -107.25721 |
| 36452 | 1.65501 | -106.13531 |
| 36452 | 1.65601 | -105.03992 |
| 36452 | 1.65701 | -103.97012 |
| 36452 | 1.65801 | -102.92504 |
| 36452 | 1.65901 | -101.90384 |
| 36452 | 1.66001 | -100.90572 |
| 36452 | 1.66101 |  -99.92990 |
| 36452 | 1.66201 |  -98.97564 |
| 36452 | 1.66301 |  -98.04224 |
| 36452 | 1.66401 |  -97.12907 |
| 36452 | 1.66501 |  -96.23544 |
| 36452 | 1.66601 |  -95.36075 |
| 36452 | 1.66701 |  -94.50439 |
| 36452 | 1.66801 |  -93.66583 |
| 36452 | 1.66901 |  -92.84450 |
| 36452 | 1.67001 |  -92.03989 |
| 36452 | 1.67101 |  -91.25151 |
| 36452 | 1.67201 |  -90.47887 |
| 36452 | 1.67301 |  -89.72149 |
| 36452 | 1.67401 |  -88.97894 |
| 36452 | 1.67501 |  -88.25081 |
| 36452 | 1.67601 |  -87.53666 |
| 36452 | 1.67701 |  -86.83612 |
| 36452 | 1.67801 |  -86.14879 |
| 36452 | 1.67901 |  -85.47432 |
| 36452 | 1.68001 |  -84.81235 |
| 36452 | 1.68101 |  -84.16253 |
| 36452 | 1.68201 |  -83.52455 |
| 36452 | 1.68301 |  -82.89808 |
| 36452 | 1.68401 |  -82.28283 |
| 36452 | 1.68501 |  -81.67849 |
| 36452 | 1.68601 |  -81.08479 |
| 36452 | 1.68701 |  -80.50145 |
| 36452 | 1.68801 |  -79.92819 |
| 36452 | 1.68901 |  -79.36478 |
| 36452 | 1.69001 |  -78.81095 |
| 36452 | 1.69101 |  -78.26647 |
| 36452 | 1.69201 |  -77.73112 |
| 36452 | 1.69301 |  -77.20464 |
| 36452 | 1.69401 |  -76.68687 |
| 36452 | 1.69501 |  -76.17757 |
| 36452 | 1.69601 |  -75.67651 |
| 36452 | 1.69701 |  -75.18353 |
| 36452 | 1.69801 |  -74.69845 |
| 36452 | 1.69901 |  -74.22105 |
| 36452 | 1.70001 |  -73.75117 |
| 36452 | 1.70101 |  -73.28864 |
| 36452 | 1.70201 |  -72.83327 |
| 36452 | 1.70301 |  -72.38493 |
| 36452 | 1.70401 |  -71.94344 |
| 36452 | 1.70501 |  -71.50865 |
| 36452 | 1.70601 |  -71.08042 |
| 36452 | 1.70701 |  -70.65861 |
| 36452 | 1.70801 |  -70.24305 |
| 36452 | 1.70901 |  -69.83364 |
| 36452 | 1.71001 |  -69.43022 |
| 36452 | 1.71101 |  -69.03269 |
| 36452 | 1.71201 |  -68.64090 |
| 36452 | 1.71301 |  -68.25474 |
| 36452 | 1.71401 |  -67.87409 |
| 36452 | 1.71501 |  -67.49884 |
| 36452 | 1.71601 |  -67.12888 |
| 36452 | 1.71701 |  -66.76408 |
| 36452 | 1.71801 |  -66.40437 |
| 36452 | 1.71901 |  -66.04961 |
| 36452 | 1.72001 |  -65.69973 |
| 36452 | 1.72101 |  -65.35461 |
| 36452 | 1.72201 |  -65.01418 |
| 36452 | 1.72301 |  -64.67834 |
| 36452 | 1.72401 |  -64.34698 |
| 36452 | 1.72501 |  -64.02004 |
| 36452 | 1.72601 |  -63.69742 |
| 36452 | 1.72701 |  -63.37904 |
| 36452 | 1.72801 |  -63.06482 |
| 36452 | 1.72901 |  -62.75468 |
| 36452 | 1.73001 |  -62.44854 |
| 36452 | 1.73101 |  -62.14634 |
| 36452 | 1.73201 |  -61.84799 |
| 36452 | 1.73301 |  -61.55342 |
| 36452 | 1.73401 |  -61.26258 |
| 36452 | 1.73501 |  -60.97537 |
| 36452 | 1.73601 |  -60.69175 |
| 36452 | 1.73701 |  -60.41166 |
| 36452 | 1.73801 |  -60.13500 |
| 36452 | 1.73901 |  -59.86175 |
| 36452 | 1.74001 |  -59.59183 |
| 36452 | 1.74101 |  -59.32518 |
| 36452 | 1.74201 |  -59.06175 |
| 36452 | 1.74301 |  -58.80148 |
| 36452 | 1.74401 |  -58.54432 |
| 36452 | 1.74501 |  -58.29021 |
| 36452 | 1.74601 |  -58.03910 |
| 36452 | 1.74701 |  -57| 36451 | 0.00000 |    0.00000 |
| 36451 | 0.00100 |    0.00100 |
| 36451 | 0.00200 |    0.00200 |
| 36451 | 0.00300 |    0.00301 |
| 36451 | 0.00400 |    0.00402 |
| 36451 | 0.00500 |    0.00503 |
| 36451 | 0.00600 |    0.00604 |
| 36451 | 0.00700 |    0.00705 |
| 36451 | 0.00800 |    0.00806 |
| 36451 | 0.00900 |    0.00908 |
| 36451 | 0.01000 |    0.01010 |
| 36451 | 0.01100 |    0.01112 |
| 36451 | 0.01200 |    0.01215 |
| 36451 | 0.01300 |    0.01317 |
| 36451 | 0.01400 |    0.01420 |
| 36451 | 0.01500 |    0.01523 |
| 36451 | 0.01600 |    0.01626 |
| 36451 | 0.01700 |    0.01730 |
| 36451 | 0.01800 |    0.01833 |
| 36451 | 0.01900 |    0.01937 |
| 36451 | 0.02000 |    0.02041 |
| 36451 | 0.02100 |    0.02145 |
| 36451 | 0.02200 |    0.02250 |
| 36451 | 0.02300 |    0.02355 |
| 36451 | 0.02400 |    0.02460 |
| 36451 | 0.02500 |    0.02565 |
| 36451 | 0.02600 |    0.02670 |
| 36451 | 0.02700 |    0.02776 |
| 36451 | 0.02800 |    0.02882 |
| 36451 | 0.02900 |    0.02988 |
| 36451 | 0.03000 |    0.03094 |
| 36451 | 0.03100 |    0.03201 |
| 36451 | 0.03200 |    0.03307 |
| 36451 | 0.03300 |    0.03414 |
| 36451 | 0.03400 |    0.03522 |
| 36451 | 0.03500 |    0.03629 |
| 36451 | 0.03600 |    0.03737 |
| 36451 | 0.03700 |    0.03845 |
| 36451 | 0.03800 |    0.03953 |
| 36451 | 0.03900 |    0.04061 |
| 36451 | 0.04000 |    0.04170 |
| 36451 | 0.04100 |    0.04279 |
| 36451 | 0.04200 |    0.04388 |
| 36451 | 0.04300 |    0.04497 |
| 36451 | 0.04400 |    0.04607 |
| 36451 | 0.04500 |    0.04716 |
| 36451 | 0.04600 |    0.04826 |
| 36451 | 0.04700 |    0.04937 |
| 36451 | 0.04800 |    0.05047 |
| 36451 | 0.04900 |    0.05158 |
| 36451 | 0.05000 |    0.05269 |
| 36451 | 0.05100 |    0.05380 |
| 36451 | 0.05200 |    0.05492 |
| 36451 | 0.05300 |    0.05604 |
| 36451 | 0.05400 |    0.05716 |
| 36451 | 0.05500 |    0.05828 |
| 36451 | 0.05600 |    0.05940 |
| 36451 | 0.05700 |    0.06053 |
| 36451 | 0.05800 |    0.06166 |
| 36451 | 0.05900 |    0.06280 |
| 36451 | 0.06000 |    0.06393 |
| 36451 | 0.06100 |    0.06507 |
| 36451 | 0.06200 |    0.06621 |
| 36451 | 0.06300 |    0.06735 |
| 36451 | 0.06400 |    0.06850 |
| 36451 | 0.06500 |    0.06965 |
| 36451 | 0.06600 |    0.07080 |
| 36451 | 0.06700 |    0.07195 |
| 36451 | 0.06800 |    0.07311 |
| 36451 | 0.06900 |    0.07427 |
| 36451 | 0.07000 |    0.07543 |
| 36451 | 0.07100 |    0.07659 |
| 36451 | 0.07200 |    0.07776 |
| 36451 | 0.07300 |    0.07893 |
| 36451 | 0.07400 |    0.08010 |
| 36451 | 0.07500 |    0.08128 |
| 36451 | 0.07600 |    0.08245 |
| 36451 | 0.07700 |    0.08363 |
| 36451 | 0.07800 |    0.08482 |
| 36451 | 0.07900 |    0.08600 |
| 36451 | 0.08000 |    0.08719 |
| 36451 | 0.08100 |    0.08838 |
| 36451 | 0.08200 |    0.08958 |
| 36451 | 0.08300 |    0.09077 |
| 36451 | 0.08400 |    0.09197 |
| 36451 | 0.08500 |    0.09318 |
| 36451 | 0.08600 |    0.09438 |
| 36451 | 0.08700 |    0.09559 |
| 36451 | 0.08800 |    0.09680 |
| 36451 | 0.08900 |    0.09801 |
| 36451 | 0.09000 |    0.09923 |
| 36451 | 0.09100 |    0.10045 |
| 36451 | 0.09200 |    0.10167 |
| 36451 | 0.09300 |    0.10290 |
| 36451 | 0.09400 |    0.10413 |
| 36451 | 0.09500 |    0.10536 |
| 36451 | 0.09600 |    0.10659 |
| 36451 | 0.09700 |    0.10783 |
| 36451 | 0.09800 |    0.10907 |
| 36451 | 0.09900 |    0.11031 |
| 36451 | 0.10000 |    0.11156 |
| 36451 | 0.10100 |    0.11281 |
| 36451 | 0.10200 |    0.11406 |
| 36451 | 0.10300 |    0.11531 |
| 36451 | 0.10400 |    0.11657 |
| 36451 | 0.10500 |    0.11783 |
| 36451 | 0.10600 |    0.11910 |
| 36451 | 0.10700 |    0.12036 |
| 36451 | 0.10800 |    0.12163 |
| 36451 | 0.10900 |    0.12291 |
| 36451 | 0.11000 |    0.12418 |
| 36451 | 0.11100 |    0.12546 |
| 36451 | 0.11200 |    0.12674 |
| 36451 | 0.11300 |    0.12803 |
| 36451 | 0.11400 |    0.12932 |
| 36451 | 0.11500 |    0.13061 |
| 36451 | 0.11600 |    0.13190 |
| 36451 | 0.11700 |    0.13320 |
| 36451 | 0.11800 |    0.13450 |
| 36451 | 0.11900 |    0.13581 |
| 36451 | 0.12000 |    0.13711 |
| 36451 | 0.12100 |    0.13842 |
| 36451 | 0.12200 |    0.13974 |
| 36451 | 0.12300 |    0.14106 |
| 36.79094 |
| 36452 | 1.74801 |  -57.54568 |
| 36452 | 1.74901 |  -57.30327 |
| 36452 | 1.75001 |  -57.06367 |
| 36452 | 1.75101 |  -56.82682 |
| 36452 | 1.75201 |  -56.59269 |
| 36452 | 1.75301 |  -56.36122 |
| 36452 | 1.75401 |  -56.13238 |
| 36452 | 1.75501 |  -55.90611 |
| 36452 | 1.75601 |  -55.68239 |
| 36452 | 1.75701 |  -55.46117 |
| 36452 | 1.75801 |  -55.24241 |
| 36452 | 1.75901 |  -55.02606 |
| 36452 | 1.76001 |  -54.81209 |
| 36452 | 1.76101 |  -54.60048 |
| 36452 | 1.76201 |  -54.39116 |
| 36452 | 1.76301 |  -54.18412 |
| 36452 | 1.76401 |  -53.97931 |
| 36452 | 1.76501 |  -53.77671 |
| 36452 | 1.76601 |  -53.57627 |
| 36452 | 1.76701 |  -53.37798 |
| 36452 | 1.76801 |  -53.18178 |
| 36452 | 1.76901 |  -52.98765 |
| 36452 | 1.77001 |  -52.79557 |
| 36452 | 1.77101 |  -52.60549 |
| 36452 | 1.77201 |  -52.41739 |
| 36452 | 1.77301 |  -52.23125 |
| 36452 | 1.77401 |  -52.04702 |
| 36452 | 1.77501 |  -51.86469 |
| 36452 | 1.77601 |  -51.68422 |
| 36452 | 1.77701 |  -51.50560 |
| 36452 | 1.77801 |  -51.32878 |
| 36452 | 1.77901 |  -51.15376 |
| 36452 | 1.78001 |  -50.98049 |
| 36452 | 1.78101 |  -50.80896 |
| 36452 | 1.78201 |  -50.63914 |
| 36452 | 1.78301 |  -50.47101 |
| 36452 | 1.78401 |  -50.30454 |
| 36452 | 1.78501 |  -50.13972 |
| 36452 | 1.78601 |  -49.97651 |
| 36452 | 1.78701 |  -49.81490 |
| 36452 | 1.78801 |  -49.65486 |
| 36452 | 1.78901 |  -49.49636 |
| 36452 | 1.79001 |  -49.33941 |
| 36452 | 1.79101 |  -49.18397 |
| 36452 | 1.79201 |  -49.03001 |
| 36452 | 1.79301 |  -48.87753 |
| 36452 | 1.79401 |  -48.72649 |
| 36452 | 1.79501 |  -48.57688 |
| 36452 | 1.79601 |  -48.42869 |
| 36452 | 1.79701 |  -48.28189 |
| 36452 | 1.79801 |  -48.13646 |
| 36452 | 1.79901 |  -47.99239 |
| 36452 | 1.80001 |  -47.84966 |
| 36452 | 1.80101 |  -47.70826 |
| 36452 | 1.80201 |  -47.56815 |
| 36452 | 1.80301 |  -47.42934 |
| 36452 | 1.80401 |  -47.29180 |
| 36452 | 1.80501 |  -47.15551 |
| 36452 | 1.80601 |  -47.02046 |
| 36452 | 1.80701 |  -46.88664 |
| 36452 | 1.80801 |  -46.75402 |
| 36452 | 1.80901 |  -46.62261 |
| 36452 | 1.81001 |  -46.49237 |
| 36452 | 1.81101 |  -46.36329 |
| 36452 | 1.81201 |  -46.23536 |
| 36452 | 1.81301 |  -46.10857 |
| 36452 | 1.81401 |  -45.98290 |
| 36452 | 1.81501 |  -45.85834 |
| 36452 | 1.81601 |  -45.73487 |
| 36452 | 1.81701 |  -45.61248 |
| 36452 | 1.81801 |  -45.49116 |
| 36452 | 1.81902 |  -45.37090 |
| 36452 | 1.82002 |  -45.25168 |
| 36452 | 1.82102 |  -45.13349 |
| 36452 | 1.82202 |  -45.01632 |
| 36452 | 1.82302 |  -44.90015 |
| 36452 | 1.82402 |  -44.78498 |
| 36452 | 1.82502 |  -44.67080 |
| 36452 | 1.82602 |  -44.55758 |
| 36452 | 1.82702 |  -44.44533 |
| 36452 | 1.82802 |  -44.33402 |
| 36452 | 1.82902 |  -44.22365 |
| 36452 | 1.83002 |  -44.11421 |
| 36452 | 1.83102 |  -44.00568 |
| 36452 | 1.83202 |  -43.89807 |
| 36452 | 1.83302 |  -43.79134 |
| 36452 | 1.83402 |  -43.68550 |
| 36452 | 1.83502 |  -43.58054 |
| 36452 | 1.83602 |  -43.47645 |
| 36452 | 1.83702 |  -43.37321 |
| 36452 | 1.83802 |  -43.27082 |
| 36452 | 1.83902 |  -43.16927 |
| 36452 | 1.84002 |  -43.06854 |
| 36452 | 1.84102 |  -42.96864 |
| 36452 | 1.84202 |  -42.86954 |
| 36452 | 1.84302 |  -42.77125 |
| 36452 | 1.84402 |  -42.67375 |
| 36452 | 1.84502 |  -42.57703 |
| 36452 | 1.84602 |  -42.48109 |
| 36452 | 1.84702 |  -42.38591 |
| 36452 | 1.84802 |  -42.29150 |
| 36452 | 1.84902 |  -42.19784 |
| 36452 | 1.85002 |  -42.10492 |
| 36452 | 1.85102 |  -42.01273 |
| 36452 | 1.85202 |  -41.92128 |
| 36452 | 1.85302 |  -41.83054 |
| 36452 | 1.85402 |  -41.74051 |
| 36452 | 1.85502 |  -41.65119 |
| 36452 | 1.85602 |  -41.56257 |
| 36452 | 1.85702 |  -41.47464 |
| 36452 | 1.85802 |  -41.38739 |
| 36452 | 1.85902 |  -41.30082 |
| 36452 | 1.86002 |  -41.21491 |
| 36452 | 1.86102 |  -41.12967 |
| 36452 | 1.86202 |  -41.04509 |
| 36452 | 1.86302 |  -40.96115 |
| 36452 | 1.86402 |  -40.87786 |
| 36452 | 1.86502 |  -40.79520 |
| 36452 | 1.86602 |  -40.71318 |
| 36452 | 1.86702 |  -40.63177 |
| 36452 | 1.86802 |  -40.55098 |
| 36452 | 1.86902 |  -40.47081 |
| 36452 | 1.87002 |  -40.39124 |
| 36452 | 1.87102 |  -40.312451 | 0.12400 |    0.14238 |
| 36451 | 0.12500 |    0.14370 |
| 36451 | 0.12600 |    0.14503 |
| 36451 | 0.12700 |    0.14636 |
| 36451 | 0.12800 |    0.14769 |
| 36451 | 0.12900 |    0.14903 |
| 36451 | 0.13000 |    0.15037 |
| 36451 | 0.13100 |    0.15171 |
| 36451 | 0.13200 |    0.15306 |
| 36451 | 0.13300 |    0.15441 |
| 36451 | 0.13400 |    0.15576 |
| 36451 | 0.13500 |    0.15712 |
| 36451 | 0.13600 |    0.15847 |
| 36451 | 0.13700 |    0.15984 |
| 36451 | 0.13800 |    0.16120 |
| 36451 | 0.13900 |    0.16257 |
| 36451 | 0.14000 |    0.16395 |
| 36451 | 0.14100 |    0.16533 |
| 36451 | 0.14200 |    0.16671 |
| 36451 | 0.14300 |    0.16809 |
| 36451 | 0.14400 |    0.16948 |
| 36451 | 0.14500 |    0.17087 |
| 36451 | 0.14600 |    0.17226 |
| 36451 | 0.14700 |    0.17366 |
| 36451 | 0.14800 |    0.17506 |
| 36451 | 0.14900 |    0.17646 |
| 36451 | 0.15000 |    0.17787 |
| 36451 | 0.15100 |    0.17928 |
| 36451 | 0.15200 |    0.18070 |
| 36451 | 0.15300 |    0.18212 |
| 36451 | 0.15400 |    0.18354 |
| 36451 | 0.15500 |    0.18497 |
| 36451 | 0.15600 |    0.18640 |
| 36451 | 0.15700 |    0.18783 |
| 36451 | 0.15800 |    0.18927 |
| 36451 | 0.15900 |    0.19071 |
| 36451 | 0.16000 |    0.19215 |
| 36451 | 0.16100 |    0.19360 |
| 36451 | 0.16200 |    0.19505 |
| 36451 | 0.16300 |    0.19650 |
| 36451 | 0.16400 |    0.19796 |
| 36451 | 0.16500 |    0.19943 |
| 36451 | 0.16600 |    0.20089 |
| 36451 | 0.16700 |    0.20236 |
| 36451 | 0.16800 |    0.20384 |
| 36451 | 0.16900 |    0.20531 |
| 36451 | 0.17000 |    0.20679 |
| 36451 | 0.17100 |    0.20828 |
| 36451 | 0.17200 |    0.20977 |
| 36451 | 0.17300 |    0.21126 |
| 36451 | 0.17400 |    0.21276 |
| 36451 | 0.17500 |    0.21426 |
| 36451 | 0.17600 |    0.21576 |
| 36451 | 0.17700 |    0.21727 |
| 36451 | 0.17800 |    0.21878 |
| 36451 | 0.17900 |    0.22030 |
| 36451 | 0.18000 |    0.22182 |
| 36451 | 0.18100 |    0.22334 |
| 36451 | 0.18200 |    0.22487 |
| 36451 | 0.18300 |    0.22640 |
| 36451 | 0.18400 |    0.22793 |
| 36451 | 0.18500 |    0.22947 |
| 36451 | 0.18600 |    0.23102 |
| 36451 | 0.18700 |    0.23256 |
| 36451 | 0.18800 |    0.23411 |
| 36451 | 0.18900 |    0.23567 |
| 36451 | 0.19000 |    0.23723 |
| 36451 | 0.19100 |    0.23879 |
| 36451 | 0.19200 |    0.24036 |
| 36451 | 0.19300 |    0.24193 |
| 36451 | 0.19400 |    0.24351 |
| 36451 | 0.19500 |    0.24509 |
| 36451 | 0.19600 |    0.24667 |
| 36451 | 0.19700 |    0.24826 |
| 36451 | 0.19800 |    0.24985 |
| 36451 | 0.19900 |    0.25144 |
| 36451 | 0.20000 |    0.25304 |
| 36451 | 0.20100 |    0.25465 |
| 36451 | 0.20200 |    0.25626 |
| 36451 | 0.20300 |    0.25787 |
| 36451 | 0.20400 |    0.25949 |
| 36451 | 0.20500 |    0.26111 |
| 36451 | 0.20600 |    0.26273 |
| 36451 | 0.20700 |    0.26436 |
| 36451 | 0.20800 |    0.26600 |
| 36451 | 0.20900 |    0.26763 |
| 36451 | 0.21000 |    0.26928 |
| 36451 | 0.21100 |    0.27092 |
| 36451 | 0.21200 |    0.27257 |
| 36451 | 0.21300 |    0.27423 |
| 36451 | 0.21400 |    0.27589 |
| 36451 | 0.21500 |    0.27755 |
| 36451 | 0.21600 |    0.27922 |
| 36451 | 0.21700 |    0.28090 |
| 36451 | 0.21800 |    0.28257 |
| 36451 | 0.21900 |    0.28425 |
| 36451 | 0.22000 |    0.28594 |
| 36451 | 0.22100 |    0.28763 |
| 36451 | 0.22200 |    0.28933 |
| 36451 | 0.22300 |    0.29103 |
| 36451 | 0.22400 |    0.29273 |
| 36451 | 0.22500 |    0.29444 |
| 36451 | 0.22600 |    0.29615 |
| 36451 | 0.22700 |    0.29787 |
| 36451 | 0.22800 |    0.29959 |
| 36451 | 0.22900 |    0.30132 |
| 36451 | 0.23000 |    0.30305 |
| 36451 | 0.23100 |    0.30478 |
| 36451 | 0.23200 |    0.30652 |
| 36451 | 0.23300 |    0.30827 |
| 36451 | 0.23400 |    0.31002 |
| 36451 | 0.23500 |    0.31177 |
| 36451 | 0.23600 |    0.31353 |
| 36451 | 0.23700 |    0.31530 |
| 36451 | 0.23800 |    0.31706 |
| 36451 | 0.23900 |    0.31884 |
| 36451 | 0.24000 |    0.32061 |
| 36451 | 0.24100 |    0.32240 |
| 36451 | 0.24200 |    0.32418 |
| 36451 | 0.24300 |    0.32598 |
| 36451 | 0.24400 |    0.32777 |
| 36451 | 0.24500 |    0.32957 |
| 36451 | 0.24600 |    0.33138 |
| 36451 | 0.24700 |    0.33319 |
| 36451 27 |
| 36452 | 1.87202 |  -40.23389 |
| 36452 | 1.87302 |  -40.15610 |
| 36452 | 1.87402 |  -40.07890 |
| 36452 | 1.87502 |  -40.00227 |
| 36452 | 1.87602 |  -39.92620 |
| 36452 | 1.87702 |  -39.85070 |
| 36452 | 1.87802 |  -39.77577 |
| 36452 | 1.87902 |  -39.70139 |
| 36452 | 1.88002 |  -39.62756 |
| 36452 | 1.88102 |  -39.55427 |
| 36452 | 1.88202 |  -39.48151 |
| 36452 | 1.88302 |  -39.40930 |
| 36452 | 1.88402 |  -39.33761 |
| 36452 | 1.88502 |  -39.26645 |
| 36452 | 1.88602 |  -39.19580 |
| 36452 | 1.88702 |  -39.12566 |
| 36452 | 1.88802 |  -39.05605 |
| 36452 | 1.88902 |  -38.98692 |
| 36452 | 1.89002 |  -38.91831 |
| 36452 | 1.89102 |  -38.85018 |
| 36452 | 1.89202 |  -38.78255 |
| 36452 | 1.89302 |  -38.71540 |
| 36452 | 1.89402 |  -38.64874 |
| 36452 | 1.89502 |  -38.58255 |
| 36452 | 1.89602 |  -38.51683 |
| 36452 | 1.89702 |  -38.45159 |
| 36452 | 1.89802 |  -38.38681 |
| 36452 | 1.89902 |  -38.32249 |
| 36452 | 1.90002 |  -38.25862 |
| 36452 | 1.90102 |  -38.19521 |
| 36452 | 1.90202 |  -38.13224 |
| 36452 | 1.90302 |  -38.06973 |
| 36452 | 1.90402 |  -38.00764 |
| 36452 | 1.90502 |  -37.94600 |
| 36452 | 1.90602 |  -37.88479 |
| 36452 | 1.90702 |  -37.82401 |
| 36452 | 1.90802 |  -37.76366 |
| 36452 | 1.90902 |  -37.70372 |
| 36452 | 1.91002 |  -37.64420 |
| 36452 | 1.91102 |  -37.58510 |
| 36452 | 1.91202 |  -37.52641 |
| 36452 | 1.91302 |  -37.46812 |
| 36452 | 1.91402 |  -37.41024 |
| 36452 | 1.91502 |  -37.35276 |
| 36452 | 1.91602 |  -37.29568 |
| 36452 | 1.91702 |  -37.23899 |
| 36452 | 1.91802 |  -37.18269 |
| 36452 | 1.91902 |  -37.12677 |
| 36452 | 1.92002 |  -37.07125 |
| 36452 | 1.92102 |  -37.01610 |
| 36452 | 1.92202 |  -36.96133 |
| 36452 | 1.92302 |  -36.90693 |
| 36452 | 1.92402 |  -36.85291 |
| 36452 | 1.92502 |  -36.79925 |
| 36452 | 1.92602 |  -36.74595 |
| 36452 | 1.92702 |  -36.69302 |
| 36452 | 1.92802 |  -36.64045 |
| 36452 | 1.92902 |  -36.58824 |
| 36452 | 1.93002 |  -36.53638 |
| 36452 | 1.93102 |  -36.48486 |
| 36452 | 1.93202 |  -36.43370 |
| 36452 | 1.93302 |  -36.38288 |
| 36452 | 1.93402 |  -36.33241 |
| 36452 | 1.93502 |  -36.28226 |
| 36452 | 1.93602 |  -36.23247 |
| 36452 | 1.93702 |  -36.18300 |
| 36452 | 1.93802 |  -36.13386 |
| 36452 | 1.93902 |  -36.08506 |
| 36452 | 1.94002 |  -36.03658 |
| 36452 | 1.94102 |  -35.98842 |
| 36452 | 1.94202 |  -35.94058 |
| 36452 | 1.94302 |  -35.89307 |
| 36452 | 1.94402 |  -35.84587 |
| 36452 | 1.94502 |  -35.79898 |
| 36452 | 1.94602 |  -35.75240 |
| 36452 | 1.94702 |  -35.70613 |
| 36452 | 1.94802 |  -35.66017 |
| 36452 | 1.94902 |  -35.61452 |
| 36452 | 1.95002 |  -35.56916 |
| 36452 | 1.95102 |  -35.52411 |
| 36452 | 1.95202 |  -35.47935 |
| 36452 | 1.95302 |  -35.43488 |
| 36452 | 1.95402 |  -35.39071 |
| 36452 | 1.95502 |  -35.34683 |
| 36452 | 1.95602 |  -35.30324 |
| 36452 | 1.95702 |  -35.25993 |
| 36452 | 1.95802 |  -35.21691 |
| 36452 | 1.95902 |  -35.17417 |
| 36452 | 1.96002 |  -35.13171 |
| 36452 | 1.96102 |  -35.08953 |
| 36452 | 1.96202 |  -35.04762 |
| 36452 | 1.96302 |  -35.00599 |
| 36452 | 1.96402 |  -34.96462 |
| 36452 | 1.96502 |  -34.92353 |
| 36452 | 1.96602 |  -34.88271 |
| 36452 | 1.96702 |  -34.84216 |
| 36452 | 1.96802 |  -34.80186 |
| 36452 | 1.96902 |  -34.76183 |
| 36452 | 1.97002 |  -34.72205 |
| 36452 | 1.97102 |  -34.68254 |
| 36452 | 1.97202 |  -34.64328 |
| 36452 | 1.97302 |  -34.60428 |
| 36452 | 1.97402 |  -34.56553 |
| 36452 | 1.97502 |  -34.52703 |
| 36452 | 1.97602 |  -34.48878 |
| 36452 | 1.97702 |  -34.45078 |
| 36452 | 1.97802 |  -34.41302 |
| 36452 | 1.97902 |  -34.37551 |
| 36452 | 1.98002 |  -34.33823 |
| 36452 | 1.98102 |  -34.30121 |
| 36452 | 1.98202 |  -34.26442 |
| 36452 | 1.98302 |  -34.22786 |
| 36452 | 1.98402 |  -34.19154 |
| 36452 | 1.98502 |  -34.15546 |
| 36452 | 1.98602 |  -34.11960 |
| 36452 | 1.98702 |  -34.08398 |
| 36452 | 1.98802 |  -34.04859 |
| 36452 | 1.98902 |  -34.01342 |
| 36452 | 1.99002 |  -33.97849 |
| 36452 | 1.99102 |  -33.94378 |
| 36452 | 1.99202 |  -33.90928 |
| 36452 | 1.99302 |  -33.87501 |
| 36452 | 1.99402 |  -33.84097 |
| 36452 | 1.99502 |  -33.80713 || 0.24800 |    0.33501 |
| 36451 | 0.24900 |    0.33683 |
| 36451 | 0.25000 |    0.33865 |
| 36451 | 0.25100 |    0.34048 |
| 36451 | 0.25200 |    0.34232 |
| 36451 | 0.25300 |    0.34416 |
| 36451 | 0.25400 |    0.34601 |
| 36451 | 0.25500 |    0.34786 |
| 36451 | 0.25600 |    0.34971 |
| 36451 | 0.25700 |    0.35157 |
| 36451 | 0.25800 |    0.35344 |
| 36451 | 0.25900 |    0.35531 |
| 36451 | 0.26000 |    0.35718 |
| 36451 | 0.26100 |    0.35906 |
| 36451 | 0.26200 |    0.36095 |
| 36451 | 0.26300 |    0.36284 |
| 36451 | 0.26400 |    0.36473 |
| 36451 | 0.26500 |    0.36663 |
| 36451 | 0.26600 |    0.36854 |
| 36451 | 0.26700 |    0.37045 |
| 36451 | 0.26800 |    0.37237 |
| 36451 | 0.26900 |    0.37429 |
| 36451 | 0.27000 |    0.37621 |
| 36451 | 0.27100 |    0.37814 |
| 36451 | 0.27200 |    0.38008 |
| 36451 | 0.27300 |    0.38202 |
| 36451 | 0.27400 |    0.38397 |
| 36451 | 0.27500 |    0.38592 |
| 36451 | 0.27600 |    0.38788 |
| 36451 | 0.27700 |    0.38984 |
| 36451 | 0.27800 |    0.39181 |
| 36451 | 0.27900 |    0.39379 |
| 36451 | 0.28000 |    0.39576 |
| 36451 | 0.28100 |    0.39775 |
| 36451 | 0.28200 |    0.39974 |
| 36451 | 0.28300 |    0.40173 |
| 36451 | 0.28400 |    0.40373 |
| 36451 | 0.28500 |    0.40574 |
| 36451 | 0.28600 |    0.40775 |
| 36451 | 0.28700 |    0.40977 |
| 36451 | 0.28800 |    0.41179 |
| 36451 | 0.28900 |    0.41382 |
| 36451 | 0.29000 |    0.41585 |
| 36451 | 0.29100 |    0.41789 |
| 36451 | 0.29200 |    0.41994 |
| 36451 | 0.29300 |    0.42199 |
| 36451 | 0.29400 |    0.42404 |
| 36451 | 0.29500 |    0.42610 |
| 36451 | 0.29600 |    0.42817 |
| 36451 | 0.29700 |    0.43024 |
| 36451 | 0.29800 |    0.43232 |
| 36451 | 0.29900 |    0.43441 |
| 36451 | 0.30000 |    0.43649 |
| 36451 | 0.30100 |    0.43859 |
| 36451 | 0.30200 |    0.44069 |
| 36451 | 0.30300 |    0.44280 |
| 36451 | 0.30400 |    0.44491 |
| 36451 | 0.30500 |    0.44703 |
| 36451 | 0.30600 |    0.44915 |
| 36451 | 0.30700 |    0.45128 |
| 36451 | 0.30800 |    0.45342 |
| 36451 | 0.30900 |    0.45556 |
| 36451 | 0.31000 |    0.45771 |
| 36451 | 0.31100 |    0.45986 |
| 36451 | 0.31200 |    0.46202 |
| 36451 | 0.31300 |    0.46419 |
| 36451 | 0.31400 |    0.46636 |
| 36451 | 0.31500 |    0.46853 |
| 36451 | 0.31600 |    0.47072 |
| 36451 | 0.31700 |    0.47291 |
| 36451 | 0.31800 |    0.47510 |
| 36451 | 0.31900 |    0.47730 |
| 36451 | 0.32000 |    0.47951 |
| 36451 | 0.32100 |    0.48172 |
| 36451 | 0.32200 |    0.48394 |
| 36451 | 0.32300 |    0.48617 |
| 36451 | 0.32400 |    0.48840 |
| 36451 | 0.32500 |    0.49064 |
| 36451 | 0.32600 |    0.49288 |
| 36451 | 0.32700 |    0.49513 |
| 36451 | 0.32800 |    0.49739 |
| 36451 | 0.32900 |    0.49965 |
| 36451 | 0.33000 |    0.50192 |
| 36451 | 0.33100 |    0.50419 |
| 36451 | 0.33200 |    0.50647 |
| 36451 | 0.33300 |    0.50876 |
| 36451 | 0.33400 |    0.51106 |
| 36451 | 0.33500 |    0.51336 |
| 36451 | 0.33600 |    0.51566 |
| 36451 | 0.33700 |    0.51798 |
| 36451 | 0.33800 |    0.52030 |
| 36451 | 0.33900 |    0.52262 |
| 36451 | 0.34000 |    0.52495 |
| 36451 | 0.34100 |    0.52729 |
| 36451 | 0.34200 |    0.52964 |
| 36451 | 0.34300 |    0.53199 |
| 36451 | 0.34400 |    0.53435 |
| 36451 | 0.34500 |    0.53671 |
| 36451 | 0.34600 |    0.53908 |
| 36451 | 0.34700 |    0.54146 |
| 36451 | 0.34800 |    0.54385 |
| 36451 | 0.34900 |    0.54624 |
| 36451 | 0.35000 |    0.54864 |
| 36451 | 0.35100 |    0.55104 |
| 36451 | 0.35200 |    0.55345 |
| 36451 | 0.35300 |    0.55587 |
| 36451 | 0.35400 |    0.55829 |
| 36451 | 0.35500 |    0.56072 |
| 36451 | 0.35600 |    0.56316 |
| 36451 | 0.35700 |    0.56561 |
| 36451 | 0.35800 |    0.56806 |
| 36451 | 0.35900 |    0.57052 |
| 36451 | 0.36000 |    0.57298 |
| 36451 | 0.36100 |    0.57546 |
| 36451 | 0.36200 |    0.57794 |
| 36451 | 0.36300 |    0.58042 |
| 36451 | 0.36400 |    0.58291 |
| 36451 | 0.36500 |    0.58541 |
| 36451 | 0.36600 |    0.58792 |
| 36451 | 0.36700 |    0.59044 |
| 36451 | 0.36800 |    0.59296 |
| 36451 | 0.36900 |    0.59548 |
| 36451 | 0.37000 |    0.59802 |
| 36451 | 0.37100 |    0.60056 |
| 36451 | 0.
| 36452 | 1.99602 |  -33.77352 |
| 36452 | 1.99702 |  -33.74012 |
| 36452 | 1.99802 |  -33.70694 |
| 36452 | 1.99902 |  -33.67397 |
| 36452 | 2.00002 |  -33.64121 |
| 36452 | 2.00102 |  -33.60866 |
| 36452 | 2.00202 |  -33.57632 |
| 36452 | 2.00302 |  -33.54419 |
| 36452 | 2.00402 |  -33.51227 |
| 36452 | 2.00502 |  -33.48055 |
| 36452 | 2.00602 |  -33.44903 |
| 36452 | 2.00702 |  -33.41772 |
| 36452 | 2.00802 |  -33.38660 |
| 36452 | 2.00902 |  -33.35569 |
| 36452 | 2.01002 |  -33.32497 |
| 36452 | 2.01102 |  -33.29445 |
| 36452 | 2.01202 |  -33.26413 |
| 36452 | 2.01302 |  -33.23400 |
| 36452 | 2.01402 |  -33.20406 |
| 36452 | 2.01502 |  -33.17431 |
| 36452 | 2.01602 |  -33.14475 |
| 36452 | 2.01702 |  -33.11539 |
| 36452 | 2.01802 |  -33.08621 |
| 36452 | 2.01902 |  -33.05722 |
| 36452 | 2.02002 |  -33.02842 |
| 36452 | 2.02102 |  -32.99979 |
| 36452 | 2.02202 |  -32.97136 |
| 36452 | 2.02302 |  -32.94310 |
| 36452 | 2.02402 |  -32.91503 |
| 36452 | 2.02502 |  -32.88713 |
| 36452 | 2.02602 |  -32.85942 |
| 36452 | 2.02702 |  -32.83189 |
| 36452 | 2.02802 |  -32.80452 |
| 36452 | 2.02902 |  -32.77734 |
| 36452 | 2.03002 |  -32.75033 |
| 36452 | 2.03102 |  -32.72350 |
| 36452 | 2.03202 |  -32.69683 |
| 36452 | 2.03302 |  -32.67034 |
| 36452 | 2.03402 |  -32.64402 |
| 36452 | 2.03502 |  -32.61787 |
| 36452 | 2.03602 |  -32.59188 |
| 36452 | 2.03702 |  -32.56607 |
| 36452 | 2.03802 |  -32.54042 |
| 36452 | 2.03902 |  -32.51493 |
| 36452 | 2.04002 |  -32.48962 |
| 36452 | 2.04102 |  -32.46446 |
| 36452 | 2.04202 |  -32.43947 |
| 36452 | 2.04302 |  -32.41464 |
| 36452 | 2.04402 |  -32.38997 |
| 36452 | 2.04502 |  -32.36546 |
| 36452 | 2.04602 |  -32.34110 |
| 36452 | 2.04702 |  -32.31691 |
| 36452 | 2.04802 |  -32.29287 |
| 36452 | 2.04902 |  -32.26899 |
| 36452 | 2.05002 |  -32.24526 |
| 36452 | 2.05102 |  -32.22169 |
| 36452 | 2.05202 |  -32.19827 |
| 36452 | 2.05302 |  -32.17500 |
| 36452 | 2.05402 |  -32.15189 |
| 36452 | 2.05502 |  -32.12893 |
| 36452 | 2.05602 |  -32.10611 |
| 36452 | 2.05702 |  -32.08345 |
| 36452 | 2.05802 |  -32.06093 |
| 36452 | 2.05902 |  -32.03856 |
| 36452 | 2.06002 |  -32.01634 |
| 36452 | 2.06102 |  -31.99426 |
| 36452 | 2.06202 |  -31.97233 |
| 36452 | 2.06302 |  -31.95055 |
| 36452 | 2.06402 |  -31.92890 |
| 36452 | 2.06502 |  -31.90740 |
| 36452 | 2.06602 |  -31.88604 |
| 36452 | 2.06702 |  -31.86482 |
| 36452 | 2.06802 |  -31.84374 |
| 36452 | 2.06902 |  -31.82280 |
| 36452 | 2.07002 |  -31.80200 |
| 36452 | 2.07102 |  -31.78134 |
| 36452 | 2.07202 |  -31.76081 |
| 36452 | 2.07302 |  -31.74042 |
| 36452 | 2.07402 |  -31.72017 |
| 36452 | 2.07502 |  -31.70005 |
| 36452 | 2.07602 |  -31.68007 |
| 36452 | 2.07702 |  -31.66022 |
| 36452 | 2.07802 |  -31.64050 |
| 36452 | 2.07902 |  -31.62091 |
| 36452 | 2.08002 |  -31.60146 |
| 36452 | 2.08102 |  -31.58213 |
| 36452 | 2.08202 |  -31.56294 |
| 36452 | 2.08302 |  -31.54388 |
| 36452 | 2.08402 |  -31.52495 |
| 36452 | 2.08502 |  -31.50614 |
| 36452 | 2.08602 |  -31.48746 |
| 36452 | 2.08702 |  -31.46890 |
| 36452 | 2.08802 |  -31.45048 |
| 36452 | 2.08902 |  -31.43217 |
| 36452 | 2.09002 |  -31.41400 |
| 36452 | 2.09102 |  -31.39595 |
| 36452 | 2.09202 |  -31.37802 |
| 36452 | 2.09302 |  -31.36021 |
| 36452 | 2.09402 |  -31.34252 |
| 36452 | 2.09502 |  -31.32496 |
| 36452 | 2.09602 |  -31.30752 |
| 36452 | 2.09702 |  -31.29020 |
| 36452 | 2.09802 |  -31.27300 |
| 36452 | 2.09902 |  -31.25592 |
| 36452 | 2.10002 |  -31.23895 |
| 36452 | 2.10102 |  -31.22211 |
| 36452 | 2.10202 |  -31.20538 |
| 36452 | 2.10302 |  -31.18876 |
| 36452 | 2.10402 |  -31.17227 |
| 36452 | 2.10502 |  -31.15589 |
| 36452 | 2.10602 |  -31.13963 |
| 36452 | 2.10702 |  -31.12347 |
| 36452 | 2.10802 |  -31.10743 |
| 36452 | 2.10902 |  -31.09151 |
| 36452 | 2.11002 |  -31.07570 |
| 36452 | 2.11102 |  -31.06000 |
| 36452 | 2.11202 |  -31.04442 |
| 36452 | 2.11302 |  -31.02894 |
| 36452 | 2.11402 |  -31.01358 |
| 36452 | 2.11502 |  -30.99833 |
| 36452 | 2.11601 |  -30.98318 |
| 36452 | 2.11701 |  -30.96814 |
| 36452 | 2.11801 |  -30.95322 |
| 36452 | 2.11901 |  -30.93840 |
| 337200 |    0.60311 |
| 36451 | 0.37300 |    0.60567 |
| 36451 | 0.37400 |    0.60823 |
| 36451 | 0.37500 |    0.61080 |
| 36451 | 0.37600 |    0.61338 |
| 36451 | 0.37700 |    0.61597 |
| 36451 | 0.37800 |    0.61856 |
| 36451 | 0.37900 |    0.62116 |
| 36451 | 0.38000 |    0.62377 |
| 36451 | 0.38100 |    0.62638 |
| 36451 | 0.38200 |    0.62900 |
| 36451 | 0.38300 |    0.63163 |
| 36451 | 0.38400 |    0.63427 |
| 36451 | 0.38500 |    0.63691 |
| 36451 | 0.38600 |    0.63956 |
| 36451 | 0.38700 |    0.64222 |
| 36451 | 0.38800 |    0.64489 |
| 36451 | 0.38900 |    0.64756 |
| 36451 | 0.39000 |    0.65024 |
| 36451 | 0.39100 |    0.65293 |
| 36451 | 0.39200 |    0.65563 |
| 36451 | 0.39300 |    0.65833 |
| 36451 | 0.39400 |    0.66104 |
| 36451 | 0.39500 |    0.66376 |
| 36451 | 0.39600 |    0.66649 |
| 36451 | 0.39700 |    0.66922 |
| 36451 | 0.39800 |    0.67197 |
| 36451 | 0.39900 |    0.67472 |
| 36451 | 0.40000 |    0.67748 |
| 36451 | 0.40100 |    0.68024 |
| 36451 | 0.40200 |    0.68301 |
| 36451 | 0.40300 |    0.68580 |
| 36451 | 0.40400 |    0.68858 |
| 36451 | 0.40500 |    0.69138 |
| 36451 | 0.40600 |    0.69419 |
| 36451 | 0.40700 |    0.69700 |
| 36451 | 0.40800 |    0.69982 |
| 36451 | 0.40900 |    0.70265 |
| 36451 | 0.41000 |    0.70549 |
| 36451 | 0.41100 |    0.70833 |
| 36451 | 0.41200 |    0.71118 |
| 36451 | 0.41300 |    0.71405 |
| 36451 | 0.41400 |    0.71691 |
| 36451 | 0.41500 |    0.71979 |
| 36451 | 0.41600 |    0.72268 |
| 36451 | 0.41700 |    0.72557 |
| 36451 | 0.41800 |    0.72847 |
| 36451 | 0.41900 |    0.73138 |
| 36451 | 0.42000 |    0.73430 |
| 36451 | 0.42100 |    0.73723 |
| 36451 | 0.42200 |    0.74016 |
| 36451 | 0.42300 |    0.74311 |
| 36451 | 0.42400 |    0.74606 |
| 36451 | 0.42500 |    0.74902 |
| 36451 | 0.42600 |    0.75199 |
| 36451 | 0.42700 |    0.75496 |
| 36451 | 0.42800 |    0.75795 |
| 36451 | 0.42900 |    0.76094 |
| 36451 | 0.43000 |    0.76395 |
| 36451 | 0.43100 |    0.76696 |
| 36451 | 0.43200 |    0.76998 |
| 36451 | 0.43300 |    0.77301 |
| 36451 | 0.43400 |    0.77604 |
| 36451 | 0.43500 |    0.77909 |
| 36451 | 0.43600 |    0.78214 |
| 36451 | 0.43700 |    0.78521 |
| 36451 | 0.43800 |    0.78828 |
| 36451 | 0.43900 |    0.79136 |
| 36451 | 0.44000 |    0.79445 |
| 36451 | 0.44100 |    0.79755 |
| 36451 | 0.44200 |    0.80065 |
| 36451 | 0.44300 |    0.80377 |
| 36451 | 0.44400 |    0.80689 |
| 36451 | 0.44500 |    0.81003 |
| 36451 | 0.44600 |    0.81317 |
| 36451 | 0.44700 |    0.81632 |
| 36451 | 0.44800 |    0.81948 |
| 36451 | 0.44900 |    0.82265 |
| 36451 | 0.45000 |    0.82583 |
| 36451 | 0.45100 |    0.82902 |
| 36451 | 0.45200 |    0.83222 |
| 36451 | 0.45300 |    0.83542 |
| 36451 | 0.45400 |    0.83864 |
| 36451 | 0.45500 |    0.84187 |
| 36451 | 0.45600 |    0.84510 |
| 36451 | 0.45700 |    0.84834 |
| 36451 | 0.45800 |    0.85160 |
| 36451 | 0.45900 |    0.85486 |
| 36451 | 0.46000 |    0.85813 |
| 36451 | 0.46100 |    0.86141 |
| 36451 | 0.46200 |    0.86470 |
| 36451 | 0.46300 |    0.86800 |
| 36451 | 0.46400 |    0.87131 |
| 36451 | 0.46500 |    0.87463 |
| 36451 | 0.46600 |    0.87796 |
| 36451 | 0.46700 |    0.88130 |
| 36451 | 0.46800 |    0.88464 |
| 36451 | 0.46900 |    0.88800 |
| 36451 | 0.47000 |    0.89137 |
| 36451 | 0.47100 |    0.89474 |
| 36451 | 0.47200 |    0.89813 |
| 36451 | 0.47300 |    0.90153 |
| 36451 | 0.47400 |    0.90493 |
| 36451 | 0.47500 |    0.90835 |
| 36451 | 0.47600 |    0.91178 |
| 36451 | 0.47700 |    0.91521 |
| 36451 | 0.47800 |    0.91866 |
| 36451 | 0.47900 |    0.92211 |
| 36451 | 0.48000 |    0.92558 |
| 36451 | 0.48100 |    0.92905 |
| 36451 | 0.48200 |    0.93254 |
| 36451 | 0.48300 |    0.93604 |
| 36451 | 0.48400 |    0.93954 |
| 36451 | 0.48500 |    0.94306 |
| 36451 | 0.48600 |    0.94659 |
| 36451 | 0.48700 |    0.95012 |
| 36451 | 0.48800 |    0.95367 |
| 36451 | 0.48900 |    0.95723 |
| 36451 | 0.49000 |    0.96079 |
| 36451 | 0.49100 |    0.96437 |
| 36451 | 0.49200 |    0.96796 |
| 36451 | 0.49300 |    0.97156 |
| 36451 | 0.49400 |    0.97517 |
| 36451 | 0.49500 |    0.97879 |
| 36451 | 0.49606452 | 2.12001 |  -30.92368 |
| 36452 | 2.12101 |  -30.90908 |
| 36452 | 2.12201 |  -30.89458 |
| 36452 | 2.12301 |  -30.88019 |
| 36452 | 2.12401 |  -30.86590 |
| 36452 | 2.12501 |  -30.85172 |
| 36452 | 2.12601 |  -30.83764 |
| 36452 | 2.12701 |  -30.82367 |
| 36452 | 2.12801 |  -30.80980 |
| 36452 | 2.12901 |  -30.79603 |
| 36452 | 2.13001 |  -30.78237 |
| 36452 | 2.13101 |  -30.76881 |
| 36452 | 2.13201 |  -30.75535 |
| 36452 | 2.13301 |  -30.74199 |
| 36452 | 2.13401 |  -30.72873 |
| 36452 | 2.13501 |  -30.71557 |
| 36452 | 2.13601 |  -30.70252 |
| 36452 | 2.13701 |  -30.68956 |
| 36452 | 2.13801 |  -30.67669 |
| 36452 | 2.13901 |  -30.66394 |
| 36452 | 2.14001 |  -30.65127 |
| 36452 | 2.14101 |  -30.63871 |
| 36452 | 2.14201 |  -30.62624 |
| 36452 | 2.14301 |  -30.61386 |
| 36452 | 2.14401 |  -30.60159 |
| 36452 | 2.14501 |  -30.58941 |
| 36452 | 2.14601 |  -30.57733 |
| 36452 | 2.14701 |  -30.56534 |
| 36452 | 2.14801 |  -30.55344 |
| 36452 | 2.14901 |  -30.54164 |
| 36452 | 2.15001 |  -30.52994 |
| 36452 | 2.15101 |  -30.51832 |
| 36452 | 2.15201 |  -30.50680 |
| 36452 | 2.15301 |  -30.49538 |
| 36452 | 2.15401 |  -30.48404 |
| 36452 | 2.15501 |  -30.47280 |
| 36452 | 2.15601 |  -30.46165 |
| 36452 | 2.15701 |  -30.45059 |
| 36452 | 2.15801 |  -30.43961 |
| 36452 | 2.15901 |  -30.42874 |
| 36452 | 2.16001 |  -30.41794 |
| 36452 | 2.16101 |  -30.40724 |
| 36452 | 2.16201 |  -30.39663 |
| 36452 | 2.16301 |  -30.38611 |
| 36452 | 2.16401 |  -30.37568 |
| 36452 | 2.16501 |  -30.36533 |
| 36452 | 2.16601 |  -30.35507 |
| 36452 | 2.16701 |  -30.34490 |
| 36452 | 2.16801 |  -30.33481 |
| 36452 | 2.16901 |  -30.32481 |
| 36452 | 2.17001 |  -30.31490 |
| 36452 | 2.17101 |  -30.30508 |
| 36452 | 2.17201 |  -30.29533 |
| 36452 | 2.17301 |  -30.28568 |
| 36452 | 2.17401 |  -30.27611 |
| 36452 | 2.17501 |  -30.26662 |
| 36452 | 2.17601 |  -30.25722 |
| 36452 | 2.17701 |  -30.24790 |
| 36452 | 2.17801 |  -30.23867 |
| 36452 | 2.17901 |  -30.22951 |
| 36452 | 2.18001 |  -30.22045 |
| 36452 | 2.18101 |  -30.21146 |
| 36452 | 2.18201 |  -30.20255 |
| 36452 | 2.18301 |  -30.19373 |
| 36452 | 2.18401 |  -30.18499 |
| 36452 | 2.18501 |  -30.17633 |
| 36452 | 2.18601 |  -30.16775 |
| 36452 | 2.18701 |  -30.15925 |
| 36452 | 2.18801 |  -30.15083 |
| 36452 | 2.18901 |  -30.14249 |
| 36452 | 2.19001 |  -30.13424 |
| 36452 | 2.19101 |  -30.12605 |
| 36452 | 2.19201 |  -30.11795 |
| 36452 | 2.19301 |  -30.10993 |
| 36452 | 2.19401 |  -30.10199 |
| 36452 | 2.19501 |  -30.09412 |
| 36452 | 2.19601 |  -30.08633 |
| 36452 | 2.19701 |  -30.07862 |
| 36452 | 2.19801 |  -30.07099 |
| 36452 | 2.19901 |  -30.06343 |
| 36452 | 2.20001 |  -30.05595 |
| 36452 | 2.20101 |  -30.04855 |
| 36452 | 2.20201 |  -30.04122 |
| 36452 | 2.20301 |  -30.03397 |
| 36452 | 2.20401 |  -30.02679 |
| 36452 | 2.20501 |  -30.01969 |
| 36452 | 2.20601 |  -30.01266 |
| 36452 | 2.20701 |  -30.00571 |
| 36452 | 2.20801 |  -29.99884 |
| 36452 | 2.20901 |  -29.99203 |
| 36452 | 2.21001 |  -29.98530 |
| 36452 | 2.21101 |  -29.97865 |
| 36452 | 2.21201 |  -29.97206 |
| 36452 | 2.21301 |  -29.96556 |
| 36452 | 2.21401 |  -29.95912 |
| 36452 | 2.21501 |  -29.95275 |
| 36452 | 2.21601 |  -29.94646 |
| 36452 | 2.21701 |  -29.94024 |
| 36452 | 2.21801 |  -29.93410 |
| 36452 | 2.21901 |  -29.92802 |
| 36452 | 2.22001 |  -29.92201 |
| 36452 | 2.22101 |  -29.91608 |
| 36452 | 2.22201 |  -29.91022 |
| 36452 | 2.22301 |  -29.90442 |
| 36452 | 2.22401 |  -29.89870 |
| 36452 | 2.22501 |  -29.89305 |
| 36452 | 2.22601 |  -29.88746 |
| 36452 | 2.22701 |  -29.88195 |
| 36452 | 2.22801 |  -29.87651 |
| 36452 | 2.22901 |  -29.87113 |
| 36452 | 2.23001 |  -29.86583 |
| 36452 | 2.23101 |  -29.86058 |
| 36452 | 2.23201 |  -29.85542 |
| 36452 | 2.23301 |  -29.85032 |
| 36452 | 2.23401 |  -29.84528 |
| 36452 | 2.23501 |  -29.84031 |
| 36452 | 2.23601 |  -29.83541 |
| 36452 | 2.23701 |  -29.83058 |
| 36452 | 2.23801 |  -29.82582 |
| 36452 | 2.23901 |  -29.82112 |
| 36452 | 2.24001 |  -29.81649 |
| 36452 | 2.24101 |  -29.81193 |
| 36452 | 2.24201 |  -29.80743 |
| 36452 | 2.24301 |  -29.80300 |
| 364520 |    0.98242 |
| 36451 | 0.49700 |    0.98606 |
| 36451 | 0.49800 |    0.98971 |
| 36451 | 0.49900 |    0.99337 |
| 36451 | 0.50000 |    0.99705 |
| 36451 | 0.50100 |    1.00073 |
| 36451 | 0.50200 |    1.00442 |
| 36451 | 0.50300 |    1.00813 |
| 36451 | 0.50400 |    1.01185 |
| 36451 | 0.50500 |    1.01557 |
| 36451 | 0.50600 |    1.01931 |
| 36451 | 0.50700 |    1.02306 |
| 36451 | 0.50800 |    1.02682 |
| 36451 | 0.50900 |    1.03059 |
| 36451 | 0.51000 |    1.03437 |
| 36451 | 0.51100 |    1.03816 |
| 36451 | 0.51200 |    1.04197 |
| 36451 | 0.51300 |    1.04578 |
| 36451 | 0.51400 |    1.04961 |
| 36451 | 0.51500 |    1.05345 |
| 36451 | 0.51600 |    1.05729 |
| 36451 | 0.51700 |    1.06115 |
| 36451 | 0.51800 |    1.06502 |
| 36451 | 0.51900 |    1.06891 |
| 36451 | 0.52000 |    1.07280 |
| 36451 | 0.52100 |    1.07671 |
| 36451 | 0.52200 |    1.08062 |
| 36451 | 0.52300 |    1.08455 |
| 36451 | 0.52400 |    1.08849 |
| 36451 | 0.52500 |    1.09244 |
| 36451 | 0.52600 |    1.09641 |
| 36451 | 0.52700 |    1.10038 |
| 36451 | 0.52800 |    1.10437 |
| 36451 | 0.52900 |    1.10837 |
| 36451 | 0.53000 |    1.11238 |
| 36451 | 0.53100 |    1.11640 |
| 36451 | 0.53200 |    1.12043 |
| 36451 | 0.53300 |    1.12448 |
| 36451 | 0.53400 |    1.12853 |
| 36451 | 0.53500 |    1.13260 |
| 36451 | 0.53600 |    1.13669 |
| 36451 | 0.53700 |    1.14078 |
| 36451 | 0.53800 |    1.14488 |
| 36451 | 0.53900 |    1.14900 |
| 36451 | 0.54000 |    1.15313 |
| 36451 | 0.54100 |    1.15728 |
| 36451 | 0.54200 |    1.16143 |
| 36451 | 0.54300 |    1.16560 |
| 36451 | 0.54400 |    1.16978 |
| 36451 | 0.54500 |    1.17397 |
| 36451 | 0.54600 |    1.17817 |
| 36451 | 0.54700 |    1.18239 |
| 36451 | 0.54800 |    1.18662 |
| 36451 | 0.54900 |    1.19086 |
| 36451 | 0.55000 |    1.19511 |
| 36451 | 0.55100 |    1.19938 |
| 36451 | 0.55200 |    1.20366 |
| 36451 | 0.55300 |    1.20795 |
| 36451 | 0.55400 |    1.21226 |
| 36451 | 0.55500 |    1.21657 |
| 36451 | 0.55600 |    1.22090 |
| 36451 | 0.55700 |    1.22525 |
| 36451 | 0.55800 |    1.22960 |
| 36451 | 0.55900 |    1.23397 |
| 36451 | 0.56000 |    1.23835 |
| 36451 | 0.56100 |    1.24275 |
| 36451 | 0.56200 |    1.24716 |
| 36451 | 0.56300 |    1.25158 |
| 36451 | 0.56400 |    1.25602 |
| 36451 | 0.56500 |    1.26046 |
| 36451 | 0.56600 |    1.26493 |
| 36451 | 0.56700 |    1.26940 |
| 36451 | 0.56800 |    1.27389 |
| 36451 | 0.56900 |    1.27839 |
| 36451 | 0.57000 |    1.28290 |
| 36451 | 0.57100 |    1.28743 |
| 36451 | 0.57200 |    1.29198 |
| 36451 | 0.57300 |    1.29653 |
| 36451 | 0.57400 |    1.30110 |
| 36451 | 0.57500 |    1.30568 |
| 36451 | 0.57600 |    1.31028 |
| 36451 | 0.57700 |    1.31489 |
| 36451 | 0.57800 |    1.31952 |
| 36451 | 0.57900 |    1.32415 |
| 36451 | 0.58000 |    1.32881 |
| 36451 | 0.58100 |    1.33347 |
| 36451 | 0.58200 |    1.33815 |
| 36451 | 0.58300 |    1.34285 |
| 36451 | 0.58400 |    1.34756 |
| 36451 | 0.58500 |    1.35228 |
| 36451 | 0.58600 |    1.35702 |
| 36451 | 0.58700 |    1.36177 |
| 36451 | 0.58800 |    1.36653 |
| 36451 | 0.58900 |    1.37131 |
| 36451 | 0.59000 |    1.37611 |
| 36451 | 0.59100 |    1.38092 |
| 36451 | 0.59200 |    1.38574 |
| 36451 | 0.59300 |    1.39058 |
| 36451 | 0.59400 |    1.39543 |
| 36451 | 0.59500 |    1.40030 |
| 36451 | 0.59600 |    1.40518 |
| 36451 | 0.59700 |    1.41008 |
| 36451 | 0.59800 |    1.41499 |
| 36451 | 0.59900 |    1.41991 |
| 36451 | 0.60000 |    1.42485 |
| 36451 | 0.60100 |    1.42981 |
| 36451 | 0.60200 |    1.43478 |
| 36451 | 0.60300 |    1.43977 |
| 36451 | 0.60400 |    1.44477 |
| 36451 | 0.60500 |    1.44979 |
| 36451 | 0.60600 |    1.45482 |
| 36451 | 0.60700 |    1.45987 |
| 36451 | 0.60800 |    1.46493 |
| 36451 | 0.60900 |    1.47001 |
| 36451 | 0.61000 |    1.47510 |
| 36451 | 0.61100 |    1.48021 |
| 36451 | 0.61200 |    1.48533 |
| 36451 | 0.61300 |    1.49047 |
| 36451 | 0.61400 |    1.49563 |
| 36451 | 0.61500 |    1.50080 |
| 36451 | 0.61600 |    1.50599 |
| 36451 | 0.61700 |    1.51119 |
| 36451 | 0.61800 |    1.51641 |
| 36451 | 0.61900 |    1.52165 |
| 36451 | 0.62000 |  | 2.24401 |  -29.79863 |
| 36452 | 2.24501 |  -29.79433 |
| 36452 | 2.24601 |  -29.79009 |
| 36452 | 2.24701 |  -29.78592 |
| 36452 | 2.24801 |  -29.78181 |
| 36452 | 2.24901 |  -29.77777 |
| 36452 | 2.25001 |  -29.77379 |
| 36452 | 2.25101 |  -29.76988 |
| 36452 | 2.25201 |  -29.76603 |
| 36452 | 2.25301 |  -29.76225 |
| 36452 | 2.25400 |  -29.75853 |
| 36452 | 2.25500 |  -29.75487 |
| 36452 | 2.25600 |  -29.75127 |
| 36452 | 2.25700 |  -29.74774 |
| 36452 | 2.25800 |  -29.74427 |
| 36452 | 2.25900 |  -29.74086 |
| 36452 | 2.26000 |  -29.73752 |
| 36452 | 2.26100 |  -29.73424 |
| 36452 | 2.26200 |  -29.73102 |
| 36452 | 2.26300 |  -29.72786 |
| 36452 | 2.26400 |  -29.72476 |
| 36452 | 2.26500 |  -29.72173 |
| 36452 | 2.26600 |  -29.71875 |
| 36452 | 2.26700 |  -29.71584 |
| 36452 | 2.26800 |  -29.71299 |
| 36452 | 2.26900 |  -29.71020 |
| 36452 | 2.27000 |  -29.70747 |
| 36452 | 2.27100 |  -29.70480 |
| 36452 | 2.27200 |  -29.70219 |
| 36452 | 2.27300 |  -29.69964 |
| 36452 | 2.27400 |  -29.69715 |
| 36452 | 2.27500 |  -29.69472 |
| 36452 | 2.27600 |  -29.69235 |
| 36452 | 2.27700 |  -29.69003 |
| 36452 | 2.27800 |  -29.68778 |
| 36452 | 2.27900 |  -29.68559 |
| 36452 | 2.28000 |  -29.68346 |
| 36452 | 2.28100 |  -29.68138 |
| 36452 | 2.28200 |  -29.67937 |
| 36452 | 2.28300 |  -29.67740 |
| 36452 | 2.28400 |  -29.67551 |
| 36452 | 2.28500 |  -29.67366 |
| 36452 | 2.28600 |  -29.67188 |
| 36452 | 2.28700 |  -29.67015 |
| 36452 | 2.28800 |  -29.66848 |
| 36452 | 2.28900 |  -29.66687 |
| 36452 | 2.29000 |  -29.66531 |
| 36452 | 2.29100 |  -29.66381 |
| 36452 | 2.29200 |  -29.66237 |
| 36452 | 2.29300 |  -29.66099 |
| 36452 | 2.29400 |  -29.65966 |
| 36452 | 2.29500 |  -29.65839 |
| 36452 | 2.29600 |  -29.65717 |
| 36452 | 2.29700 |  -29.65602 |
| 36452 | 2.29800 |  -29.65491 |
| 36452 | 2.29900 |  -29.65387 |
| 36452 | 2.30000 |  -29.65287 |
| 36452 | 2.30100 |  -29.65194 |
| 36452 | 2.30200 |  -29.65106 |
| 36452 | 2.30300 |  -29.65023 |
| 36452 | 2.30400 |  -29.64946 |
| 36452 | 2.30500 |  -29.64874 |
| 36452 | 2.30600 |  -29.64808 |
| 36452 | 2.30700 |  -29.64748 |
| 36452 | 2.30800 |  -29.64693 |
| 36452 | 2.30900 |  -29.64643 |
| 36452 | 2.31000 |  -29.64599 |
| 36452 | 2.31100 |  -29.64560 |
| 36452 | 2.31200 |  -29.64526 |
| 36452 | 2.31300 |  -29.64498 |
| 36452 | 2.31400 |  -29.64476 |
| 36452 | 2.31500 |  -29.64458 |
| 36452 | 2.31600 |  -29.64446 |
| 36452 | 2.31700 |  -29.64439 |
| 36452 | 2.31800 |  -29.64438 |
| 36452 | 2.31900 |  -29.64442 |
| 36452 | 2.32000 |  -29.64451 |
| 36452 | 2.32100 |  -29.64465 |
| 36452 | 2.32200 |  -29.64485 |
| 36452 | 2.32300 |  -29.64510 |
| 36452 | 2.32400 |  -29.64540 |
| 36452 | 2.32500 |  -29.64576 |
| 36452 | 2.32600 |  -29.64616 |
| 36452 | 2.32700 |  -29.64662 |
| 36452 | 2.32800 |  -29.64713 |
| 36452 | 2.32900 |  -29.64770 |
| 36452 | 2.33000 |  -29.64831 |
| 36452 | 2.33100 |  -29.64898 |
| 36452 | 2.33200 |  -29.64969 |
| 36452 | 2.33300 |  -29.65046 |
| 36452 | 2.33400 |  -29.65128 |
| 36452 | 2.33500 |  -29.65215 |
| 36452 | 2.33600 |  -29.65307 |
| 36452 | 2.33700 |  -29.65404 |
| 36452 | 2.33800 |  -29.65506 |
| 36452 | 2.33900 |  -29.65614 |
| 36452 | 2.34000 |  -29.65726 |
| 36452 | 2.34100 |  -29.65843 |
| 36452 | 2.34200 |  -29.65966 |
| 36452 | 2.34300 |  -29.66093 |
| 36452 | 2.34400 |  -29.66226 |
| 36452 | 2.34500 |  -29.66363 |
| 36452 | 2.34600 |  -29.66505 |
| 36452 | 2.34700 |  -29.66653 |
| 36452 | 2.34800 |  -29.66805 |
| 36452 | 2.34900 |  -29.66962 |
| 36452 | 2.35000 |  -29.67125 |
| 36452 | 2.35100 |  -29.67292 |
| 36452 | 2.35200 |  -29.67464 |
| 36452 | 2.35300 |  -29.67641 |
| 36452 | 2.35400 |  -29.67822 |
| 36452 | 2.35500 |  -29.68009 |
| 36452 | 2.35600 |  -29.68201 |
| 36452 | 2.35700 |  -29.68397 |
| 36452 | 2.35800 |  -29.68599 |
| 36452 | 2.35900 |  -29.68805 |
| 36452 | 2.36000 |  -29.69016 |
| 36452 | 2.36100 |  -29.69231 |
| 36452 | 2.36200 |  -29.69452 |
| 36452 | 2.36300 |  -29.69678 |
| 36452 | 2.36400 |  -29.69908 |
| 36452 | 2.36500 |  -29.70143 |
| 36452 | 2.36600 |  -29.70382 |
| 36452 | 2.36700 |  -29.70627 |
| 36452 | 2   1.52690 |
| 36451 | 0.62100 |    1.53216 |
| 36451 | 0.62200 |    1.53745 |
| 36451 | 0.62300 |    1.54275 |
| 36451 | 0.62400 |    1.54806 |
| 36451 | 0.62500 |    1.55340 |
| 36451 | 0.62600 |    1.55874 |
| 36451 | 0.62700 |    1.56411 |
| 36451 | 0.62800 |    1.56949 |
| 36451 | 0.62900 |    1.57489 |
| 36451 | 0.63000 |    1.58030 |
| 36451 | 0.63100 |    1.58573 |
| 36451 | 0.63200 |    1.59118 |
| 36451 | 0.63300 |    1.59664 |
| 36451 | 0.63400 |    1.60213 |
| 36451 | 0.63500 |    1.60762 |
| 36451 | 0.63600 |    1.61314 |
| 36451 | 0.63700 |    1.61867 |
| 36451 | 0.63800 |    1.62422 |
| 36451 | 0.63900 |    1.62979 |
| 36451 | 0.64000 |    1.63537 |
| 36451 | 0.64100 |    1.64097 |
| 36451 | 0.64200 |    1.64659 |
| 36451 | 0.64300 |    1.65222 |
| 36451 | 0.64400 |    1.65788 |
| 36451 | 0.64500 |    1.66355 |
| 36451 | 0.64600 |    1.66923 |
| 36451 | 0.64700 |    1.67494 |
| 36451 | 0.64800 |    1.68066 |
| 36451 | 0.64900 |    1.68640 |
| 36451 | 0.65000 |    1.69216 |
| 36451 | 0.65100 |    1.69794 |
| 36451 | 0.65200 |    1.70373 |
| 36451 | 0.65300 |    1.70955 |
| 36451 | 0.65400 |    1.71538 |
| 36451 | 0.65500 |    1.72122 |
| 36451 | 0.65600 |    1.72709 |
| 36451 | 0.65700 |    1.73298 |
| 36451 | 0.65800 |    1.73888 |
| 36451 | 0.65900 |    1.74480 |
| 36451 | 0.66000 |    1.75074 |
| 36451 | 0.66100 |    1.75670 |
| 36451 | 0.66200 |    1.76268 |
| 36451 | 0.66300 |    1.76867 |
| 36451 | 0.66400 |    1.77469 |
| 36451 | 0.66500 |    1.78072 |
| 36451 | 0.66600 |    1.78678 |
| 36451 | 0.66699 |    1.79285 |
| 36451 | 0.66799 |    1.79894 |
| 36451 | 0.66899 |    1.80505 |
| 36451 | 0.66999 |    1.81118 |
| 36451 | 0.67099 |    1.81732 |
| 36451 | 0.67199 |    1.82349 |
| 36451 | 0.67299 |    1.82968 |
| 36451 | 0.67399 |    1.83588 |
| 36451 | 0.67499 |    1.84211 |
| 36451 | 0.67599 |    1.84835 |
| 36451 | 0.67699 |    1.85462 |
| 36451 | 0.67799 |    1.86090 |
| 36451 | 0.67899 |    1.86721 |
| 36451 | 0.67999 |    1.87353 |
| 36451 | 0.68099 |    1.87987 |
| 36451 | 0.68199 |    1.88624 |
| 36451 | 0.68299 |    1.89262 |
| 36451 | 0.68399 |    1.89903 |
| 36451 | 0.68499 |    1.90545 |
| 36451 | 0.68599 |    1.91190 |
| 36451 | 0.68699 |    1.91836 |
| 36451 | 0.68799 |    1.92485 |
| 36451 | 0.68899 |    1.93135 |
| 36451 | 0.68999 |    1.93788 |
| 36451 | 0.69099 |    1.94443 |
| 36451 | 0.69199 |    1.95100 |
| 36451 | 0.69299 |    1.95758 |
| 36451 | 0.69399 |    1.96419 |
| 36451 | 0.69499 |    1.97083 |
| 36451 | 0.69599 |    1.97748 |
| 36451 | 0.69699 |    1.98415 |
| 36451 | 0.69799 |    1.99085 |
| 36451 | 0.69899 |    1.99756 |
| 36451 | 0.69999 |    2.00430 |
| 36451 | 0.70099 |    2.01106 |
| 36451 | 0.70199 |    2.01784 |
| 36451 | 0.70299 |    2.02464 |
| 36451 | 0.70399 |    2.03146 |
| 36451 | 0.70499 |    2.03831 |
| 36451 | 0.70599 |    2.04518 |
| 36451 | 0.70699 |    2.05206 |
| 36451 | 0.70799 |    2.05898 |
| 36451 | 0.70899 |    2.06591 |
| 36451 | 0.70999 |    2.07286 |
| 36451 | 0.71099 |    2.07984 |
| 36451 | 0.71199 |    2.08684 |
| 36451 | 0.71299 |    2.09387 |
| 36451 | 0.71399 |    2.10091 |
| 36451 | 0.71499 |    2.10798 |
| 36451 | 0.71599 |    2.11507 |
| 36451 | 0.71699 |    2.12218 |
| 36451 | 0.71799 |    2.12932 |
| 36451 | 0.71899 |    2.13648 |
| 36451 | 0.71999 |    2.14366 |
| 36451 | 0.72099 |    2.15087 |
| 36451 | 0.72199 |    2.15810 |
| 36451 | 0.72299 |    2.16535 |
| 36451 | 0.72399 |    2.17262 |
| 36451 | 0.72499 |    2.17992 |
| 36451 | 0.72599 |    2.18725 |
| 36451 | 0.72699 |    2.19459 |
| 36451 | 0.72799 |    2.20196 |
| 36451 | 0.72899 |    2.20936 |
| 36451 | 0.72999 |    2.21678 |
| 36451 | 0.73099 |    2.22422 |
| 36451 | 0.73199 |    2.23168 |
| 36451 | 0.73299 |    2.23918 |
| 36451 | 0.73399 |    2.24669 |
| 36451 | 0.73499 |    2.25423 |
| 36451 | 0.73599 |    2.26179 |
| 36451 | 0.73699 |    2.26938 |
| 36451 | 0.73799 |    2.27700 |
| 36451 | 0.73899 |    2.28464 |
| 36451 | 0.73999 |    2.29230 |
| 36451 | 0.74099 |    2.29999 |
| 36451 | 0.74199 |    2.30770 |
| 36451 | 0.74299 |    2.31544 |
| 36451 | 0.74399 |    2.36800 |  -29.70876 |
| 36452 | 2.36900 |  -29.71130 |
| 36452 | 2.37000 |  -29.71389 |
| 36452 | 2.37100 |  -29.71652 |
| 36452 | 2.37200 |  -29.71921 |
| 36452 | 2.37300 |  -29.72193 |
| 36452 | 2.37400 |  -29.72471 |
| 36452 | 2.37500 |  -29.72753 |
| 36452 | 2.37600 |  -29.73040 |
| 36452 | 2.37700 |  -29.73332 |
| 36452 | 2.37800 |  -29.73628 |
| 36452 | 2.37900 |  -29.73929 |
| 36452 | 2.38000 |  -29.74235 |
| 36452 | 2.38100 |  -29.74545 |
| 36452 | 2.38200 |  -29.74860 |
| 36452 | 2.38300 |  -29.75179 |
| 36452 | 2.38400 |  -29.75503 |
| 36452 | 2.38500 |  -29.75832 |
| 36452 | 2.38600 |  -29.76165 |
| 36452 | 2.38700 |  -29.76503 |
| 36452 | 2.38800 |  -29.76846 |
| 36452 | 2.38900 |  -29.77192 |
| 36452 | 2.39000 |  -29.77544 |
| 36452 | 2.39100 |  -29.77900 |
| 36452 | 2.39199 |  -29.78261 |
| 36452 | 2.39299 |  -29.78626 |
| 36452 | 2.39399 |  -29.78996 |
| 36452 | 2.39499 |  -29.79370 |
| 36452 | 2.39599 |  -29.79749 |
| 36452 | 2.39699 |  -29.80132 |
| 36452 | 2.39799 |  -29.80520 |
| 36452 | 2.39899 |  -29.80912 |
| 36452 | 2.39999 |  -29.81309 |
| 36452 | 2.40099 |  -29.81710 |
| 36452 | 2.40199 |  -29.82115 |
| 36452 | 2.40299 |  -29.82525 |
| 36452 | 2.40399 |  -29.82940 |
| 36452 | 2.40499 |  -29.83359 |
| 36452 | 2.40599 |  -29.83783 |
| 36452 | 2.40699 |  -29.84211 |
| 36452 | 2.40799 |  -29.84643 |
| 36452 | 2.40899 |  -29.85080 |
| 36452 | 2.40999 |  -29.85521 |
| 36452 | 2.41099 |  -29.85966 |
| 36452 | 2.41199 |  -29.86416 |
| 36452 | 2.41299 |  -29.86871 |
| 36452 | 2.41399 |  -29.87329 |
| 36452 | 2.41499 |  -29.87792 |
| 36452 | 2.41599 |  -29.88260 |
| 36452 | 2.41699 |  -29.88732 |
| 36452 | 2.41799 |  -29.89208 |
| 36452 | 2.41899 |  -29.89688 |
| 36452 | 2.41999 |  -29.90173 |
| 36452 | 2.42099 |  -29.90662 |
| 36452 | 2.42199 |  -29.91156 |
| 36452 | 2.42299 |  -29.91653 |
| 36452 | 2.42399 |  -29.92155 |
| 36452 | 2.42499 |  -29.92662 |
| 36452 | 2.42599 |  -29.93173 |
| 36452 | 2.42699 |  -29.93688 |
| 36452 | 2.42799 |  -29.94207 |
| 36452 | 2.42899 |  -29.94731 |
| 36452 | 2.42999 |  -29.95259 |
| 36452 | 2.43099 |  -29.95791 |
| 36452 | 2.43199 |  -29.96327 |
| 36452 | 2.43299 |  -29.96868 |
| 36452 | 2.43399 |  -29.97412 |
| 36452 | 2.43499 |  -29.97962 |
| 36452 | 2.43599 |  -29.98515 |
| 36452 | 2.43699 |  -29.99073 |
| 36452 | 2.43799 |  -29.99635 |
| 36452 | 2.43899 |  -30.00201 |
| 36452 | 2.43999 |  -30.00771 |
| 36452 | 2.44099 |  -30.01346 |
| 36452 | 2.44199 |  -30.01925 |
| 36452 | 2.44299 |  -30.02507 |
| 36452 | 2.44399 |  -30.03094 |
| 36452 | 2.44499 |  -30.03686 |
| 36452 | 2.44599 |  -30.04281 |
| 36452 | 2.44699 |  -30.04881 |
| 36452 | 2.44799 |  -30.05485 |
| 36452 | 2.44899 |  -30.06093 |
| 36452 | 2.44999 |  -30.06705 |
| 36452 | 2.45099 |  -30.07321 |
| 36452 | 2.45199 |  -30.07942 |
| 36452 | 2.45299 |  -30.08566 |
| 36452 | 2.45399 |  -30.09195 |
| 36452 | 2.45499 |  -30.09828 |
| 36452 | 2.45599 |  -30.10465 |
| 36452 | 2.45699 |  -30.11106 |
| 36452 | 2.45799 |  -30.11752 |
| 36452 | 2.45899 |  -30.12401 |
| 36452 | 2.45999 |  -30.13054 |
| 36452 | 2.46099 |  -30.13712 |
| 36452 | 2.46199 |  -30.14374 |
| 36452 | 2.46299 |  -30.15040 |
| 36452 | 2.46399 |  -30.15709 |
| 36452 | 2.46499 |  -30.16384 |
| 36452 | 2.46599 |  -30.17062 |
| 36452 | 2.46699 |  -30.17743 |
| 36452 | 2.46799 |  -30.18430 |
| 36452 | 2.46899 |  -30.19120 |
| 36452 | 2.46999 |  -30.19815 |
| 36452 | 2.47099 |  -30.20513 |
| 36452 | 2.47199 |  -30.21215 |
| 36452 | 2.47299 |  -30.21922 |
| 36452 | 2.47399 |  -30.22633 |
| 36452 | 2.47499 |  -30.23347 |
| 36452 | 2.47599 |  -30.24066 |
| 36452 | 2.47699 |  -30.24788 |
| 36452 | 2.47799 |  -30.25515 |
| 36452 | 2.47899 |  -30.26246 |
| 36452 | 2.47999 |  -30.26981 |
| 36452 | 2.48099 |  -30.27720 |
| 36452 | 2.48199 |  -30.28462 |
| 36452 | 2.48299 |  -30.29209 |
| 36452 | 2.48399 |  -30.29960 |
| 36452 | 2.48499 |  -30.30715 |
| 36452 | 2.48599 |  -30.31474 |
| 36452 | 2.48699 |  -30.32237 |
| 36452 | 2.48799 |  -30.33003 |
| 36452 | 2.48899 |  -30.33774 |
| 36452 | 2.48999 |  -30.34549 |
| 36452 | 2.49099 |  -30.35328 |
| 36452 | 2.49199 |  -30.36111 |
| 36452 | 2.49299 |  -30.36897 |
| 36452 | 2.49399 |  -30.37688 |
| 36452 | 2.49499 |  -30.38483 |
| 36452 | 2.49599 |  -30.39281 |
| 36452 | 2.49699 |  -30.40084 |
| 36452 | 2.49799 |  -30.40890 |
| 36452 | 2.49899 |  -30.41701 |
| 36452 | 2.49999 |  -30.42515 |
| 36452 | 2.50099 |  -30.43333 |
| 36452 | 2.50199 |  -30.44156 |
| 36452 | 2.50299 |  -30.44982 |
| 36452 | 2.50399 |  -30.45812 |
| 36452 | 2.50499 |  -30.46646 |
| 36452 | 2.50599 |  -30.47484 |
| 36452 | 2.50699 |  -30.48326 |
| 36452 | 2.50799 |  -30.49172 |
| 36452 | 2.50899 |  -30.50022 |
| 36452 | 2.50999 |  -30.50876 |
| 36452 | 2.51099 |  -30.51733 |
| 36452 | 2.51199 |  -30.52595 |
| 36452 | 2.51299 |  -30.53461 |
| 36452 | 2.51399 |  -30.54329 |
| 36452 | 2.51499 |  -30.55203 |
| 36452 | 2.51599 |  -30.56080 |
| 36452 | 2.51699 |  -30.56961 |
| 36452 | 2.51799 |  -30.57846 |
| 36452 | 2.51899 |  -30.58735 |
| 36452 | 2.51999 |  -30.59628 |
| 36452 | 2.52099 |  -30.60524 |
| 36452 | 2.52199 |  -30.61425 |
| 36452 | 2.52299 |  -30.62329 |
| 36452 | 2.52399 |  -30.63237 |
| 36452 | 2.52499 |  -30.64149 |
| 36452 | 2.52599 |  -30.65065 |
| 36452 | 2.52699 |  -30.65985 |
| 36452 | 2.52799 |  -30.66908 |
| 36452 | 2.52899 |  -30.67836 |
| 36452 | 2.52998 |  -30.68768 |
| 36452 | 2.53098 |  -30.69703 |
| 36452 | 2.53198 |  -30.70642 |
| 36452 | 2.53298 |  -30.71585 |
| 36452 | 2.53398 |  -30.72532 |
| 36452 | 2.53498 |  -30.73483 |
| 36452 | 2.53598 |  -30.74437 |
| 36452 | 2.53698 |  -30.75395 |
| 36452 | 2.53798 |  -30.76358 |
| 36452 | 2.53898 |  -30.77324 |
| 36452 | 2.53998 |  -30.78294 |
| 36452 | 2.54098 |  -30.79267 |
| 36452 | 2.54198 |  -30.80245 |
| 36452 | 2.54298 |  -30.81226 |
| 36452 | 2.54398 |  -30.82211 |
| 36452 | 2.54498 |  -30.83200 |
| 36452 | 2.54598 |  -30.84193 |
| 36452 | 2.54698 |  -30.85190 |
| 36452 | 2.54798 |  -30.86190 |
| 36452 | 2.54898 |  -30.87195 |
| 36452 | 2.54998 |  -30.88203 |
| 36452 | 2.55098 |  -30.89215 |
| 36452 | 2.55198 |  -30.90231 |
| 36452 | 2.55298 |  -30.91250 |
| 36452 | 2.55398 |  -30.92273 |
| 36452 | 2.55498 |  -30.93301 |
| 36452 | 2.55598 |  -30.94332 |
| 36452 | 2.55698 |  -30.95366 |
| 36452 | 2.55798 |  -30.96405 |
| 36452 | 2.55898 |  -30.97448 |
| 36452 | 2.55998 |  -30.98494 |
| 36452 | 2.56098 |  -30.99544 |
| 36452 | 2.56198 |  -31.00598 |
| 36452 | 2.56298 |  -31.01655 |
| 36452 | 2.56398 |  -31.02716 |
| 36452 | 2.56498 |  -31.03782 |
| 36452 | 2.56598 |  -31.04851 |
| 36452 | 2.56698 |  -31.05923 |
| 36452 | 2.56798 |  -31.07000 |
| 36452 | 2.56898 |  -31.08080 |
| 36452 | 2.56998 |  -31.09164 |
| 36452 | 2.57098 |  -31.10252 |
| 36452 | 2.57198 |  -31.11344 |
| 36452 | 2.57298 |  -31.12439 |
| 36452 | 2.57398 |  -31.13538 |
| 36452 | 2.57498 |  -31.14642 |
| 36452 | 2.57598 |  -31.15748 |
| 36452 | 2.57698 |  -31.16859 |
| 36452 | 2.57798 |  -31.17973 |
| 36452 | 2.57898 |  -31.19091 |
| 36452 | 2.57998 |  -31.20213 |
| 36452 | 2.58098 |  -31.21338 |
| 36452 | 2.58198 |  -31.22468 |
| 36452 | 2.58298 |  -31.23601 |
| 36452 | 2.58398 |  -31.24738 |
| 36452 | 2.58498 |  -31.25879 |
| 36452 | 2.58598 |  -31.27024 |
| 36452 | 2.58698 |  -31.28171 |
| 36452 | 2.58798 |  -31.29324 |
| 36452 | 2.58898 |  -31.30479 |
| 36452 | 2.58998 |  -31.31639 |
| 36452 | 2.59098 |  -31.32802 |
| 36452 | 2.59198 |  -31.33969 |
| 36452 | 2.59298 |  -31.35140 |
| 36452 | 2.59398 |  -31.36315 |
| 36452 | 2.59498 |  -31.37493 |
| 36452 | 2.59598 |  -31.38675 |
| 36452 | 2.59698 |  -31.39861 |
| 36452 | 2.59798 |  -31.41051 |
| 36452 | 2.59898 |  -31.42244 |
| 36452 | 2.59998 |  -31.43441 |
| 36452 | 2.60098 |  -31.44642 |
| 36452 | 2.60198 |  -31.45846 |
| 36452 | 2.60298 |  -31.47055 |
| 36452 | 2.60398 |  -31.48267 |
| 36452 | 2.60498 |  -31.49483 |
| 36452 | 2.60598 |  -31.50702 |
| 36452 | 2.60698 |  -31.51926 |
| 36452 | 2.60798 |  -31.53153 |
| 36452 | 2.60898 |  -31.54384 |
| 36452 | 2.60998 |  -31.55619 |
| 36452 | 2.61098 |  -31.56857 |
| 36452 | 2.61198 |  -31.58099 |
| 36452 | 2.61298 |  -31.59345 |
| 36452 | 2.61398 |  -31.60594 |
| 36452 | 2.61498 |  -31.61848 |
| 36452 | 2.61598 |.32320 |
| 36451 | 0.74499 |    2.33099 |
| 36451 | 0.74599 |    2.33881 |
| 36451 | 0.74699 |    2.34665 |
| 36451 | 0.74799 |    2.35451 |
| 36451 | 0.74899 |    2.36241 |
| 36451 | 0.74999 |    2.37032 |
| 36451 | 0.75099 |    2.37827 |
| 36451 | 0.75199 |    2.38624 |
| 36451 | 0.75299 |    2.39423 |
| 36451 | 0.75399 |    2.40226 |
| 36451 | 0.75499 |    2.41031 |
| 36451 | 0.75599 |    2.41838 |
| 36451 | 0.75699 |    2.42649 |
| 36451 | 0.75799 |    2.43461 |
| 36451 | 0.75899 |    2.44277 |
| 36451 | 0.75999 |    2.45095 |
| 36451 | 0.76099 |    2.45916 |
| 36451 | 0.76199 |    2.46740 |
| 36451 | 0.76299 |    2.47567 |
| 36451 | 0.76399 |    2.48396 |
| 36451 | 0.76499 |    2.49228 |
| 36451 | 0.76599 |    2.50062 |
| 36451 | 0.76699 |    2.50900 |
| 36451 | 0.76799 |    2.51740 |
| 36451 | 0.76899 |    2.52583 |
| 36451 | 0.76999 |    2.53429 |
| 36451 | 0.77099 |    2.54278 |
| 36451 | 0.77199 |    2.55129 |
| 36451 | 0.77299 |    2.55984 |
| 36451 | 0.77399 |    2.56841 |
| 36451 | 0.77499 |    2.57701 |
| 36451 | 0.77599 |    2.58564 |
| 36451 | 0.77699 |    2.59430 |
| 36451 | 0.77799 |    2.60299 |
| 36451 | 0.77899 |    2.61170 |
| 36451 | 0.77999 |    2.62045 |
| 36451 | 0.78099 |    2.62922 |
| 36451 | 0.78199 |    2.63803 |
| 36451 | 0.78299 |    2.64686 |
| 36451 | 0.78399 |    2.65573 |
| 36451 | 0.78499 |    2.66462 |
| 36451 | 0.78599 |    2.67354 |
| 36451 | 0.78699 |    2.68250 |
| 36451 | 0.78799 |    2.69148 |
| 36451 | 0.78899 |    2.70050 |
| 36451 | 0.78999 |    2.70954 |
| 36451 | 0.79099 |    2.71862 |
| 36451 | 0.79199 |    2.72772 |
| 36451 | 0.79299 |    2.73686 |
| 36451 | 0.79399 |    2.74603 |
| 36451 | 0.79499 |    2.75522 |
| 36451 | 0.79599 |    2.76445 |
| 36451 | 0.79699 |    2.77372 |
| 36451 | 0.79799 |    2.78301 |
| 36451 | 0.79899 |    2.79233 |
| 36451 | 0.79999 |    2.80169 |
| 36451 | 0.80099 |    2.81108 |
| 36451 | 0.80199 |    2.82050 |
| 36451 | 0.80299 |    2.82995 |
| 36451 | 0.80399 |    2.83943 |
| 36451 | 0.80499 |    2.84895 |
| 36451 | 0.80599 |    2.85850 |
| 36451 | 0.80699 |    2.86808 |
| 36451 | 0.80799 |    2.87770 |
| 36451 | 0.80899 |    2.88735 |
| 36451 | 0.80999 |    2.89703 |
| 36451 | 0.81099 |    2.90674 |
| 36451 | 0.81199 |    2.91649 |
| 36451 | 0.81299 |    2.92627 |
| 36451 | 0.81399 |    2.93608 |
| 36451 | 0.81499 |    2.94593 |
| 36451 | 0.81599 |    2.95581 |
| 36451 | 0.81699 |    2.96573 |
| 36451 | 0.81799 |    2.97568 |
| 36451 | 0.81899 |    2.98567 |
| 36451 | 0.81999 |    2.99569 |
| 36451 | 0.82099 |    3.00574 |
| 36451 | 0.82199 |    3.01583 |
| 36451 | 0.82299 |    3.02595 |
| 36451 | 0.82399 |    3.03611 |
| 36451 | 0.82499 |    3.04631 |
| 36451 | 0.82599 |    3.05654 |
| 36451 | 0.82699 |    3.06680 |
| 36451 | 0.82799 |    3.07710 |
| 36451 | 0.82899 |    3.08744 |
| 36451 | 0.82999 |    3.09781 |
| 36451 | 0.83099 |    3.10822 |
| 36451 | 0.83199 |    3.11866 |
| 36451 | 0.83299 |    3.12915 |
| 36451 | 0.83399 |    3.13966 |
| 36451 | 0.83499 |    3.15022 |
| 36451 | 0.83599 |    3.16081 |
| 36451 | 0.83699 |    3.17144 |
| 36451 | 0.83799 |    3.18211 |
| 36451 | 0.83899 |    3.19281 |
| 36451 | 0.83999 |    3.20355 |
| 36451 | 0.84099 |    3.21433 |
| 36451 | 0.84199 |    3.22515 |
| 36451 | 0.84299 |    3.23600 |
| 36451 | 0.84399 |    3.24690 |
| 36451 | 0.84499 |    3.25783 |
| 36451 | 0.84599 |    3.26880 |
| 36451 | 0.84699 |    3.27981 |
| 36451 | 0.84799 |    3.29086 |
| 36451 | 0.84899 |    3.30194 |
| 36451 | 0.84999 |    3.31307 |
| 36451 | 0.85099 |    3.32424 |
| 36451 | 0.85199 |    3.33544 |
| 36451 | 0.85299 |    3.34669 |
| 36451 | 0.85399 |    3.35797 |
| 36451 | 0.85499 |    3.36930 |
| 36451 | 0.85599 |    3.38066 |
| 36451 | 0.85699 |    3.39207 |
| 36451 | 0.85799 |    3.40352 |
| 36451 | 0.85899 |    3.41501 |
| 36451 | 0.85999 |    3.42653 |
| 36451 | 0.86099 |    3.43811 |
| 36451 | 0.86199 |    3.44972 |
| 36451 | 0.86299 |    3.46137 |
| 36451 | 0.86399 |    3.47306 |
| 36451 | 0.86499 |    3.48480 |
| 36451 | 0.86599 |    3.49658 |
| 36451 | 0.86699 |    3.50840 |
| 36451 | 0.86799 |    3.520  -31.63105 |
| 36452 | 2.61698 |  -31.64366 |
| 36452 | 2.61798 |  -31.65631 |
| 36452 | 2.61898 |  -31.66899 |
| 36452 | 2.61998 |  -31.68171 |
| 36452 | 2.62098 |  -31.69447 |
| 36452 | 2.62198 |  -31.70726 |
| 36452 | 2.62298 |  -31.72010 |
| 36452 | 2.62398 |  -31.73297 |
| 36452 | 2.62498 |  -31.74588 |
| 36452 | 2.62598 |  -31.75883 |
| 36452 | 2.62698 |  -31.77181 |
| 36452 | 2.62798 |  -31.78483 |
| 36452 | 2.62898 |  -31.79789 |
| 36452 | 2.62998 |  -31.81098 |
| 36452 | 2.63098 |  -31.82411 |
| 36452 | 2.63198 |  -31.83729 |
| 36452 | 2.63298 |  -31.85049 |
| 36452 | 2.63398 |  -31.86374 |
| 36452 | 2.63498 |  -31.87702 |
| 36452 | 2.63598 |  -31.89034 |
| 36452 | 2.63698 |  -31.90370 |
| 36452 | 2.63798 |  -31.91710 |
| 36452 | 2.63898 |  -31.93053 |
| 36452 | 2.63998 |  -31.94400 |
| 36452 | 2.64098 |  -31.95751 |
| 36452 | 2.64198 |  -31.97106 |
| 36452 | 2.64298 |  -31.98464 |
| 36452 | 2.64398 |  -31.99826 |
| 36452 | 2.64498 |  -32.01191 |
| 36452 | 2.64598 |  -32.02561 |
| 36452 | 2.64698 |  -32.03934 |
| 36452 | 2.64798 |  -32.05312 |
| 36452 | 2.64898 |  -32.06692 |
| 36452 | 2.64998 |  -32.08077 |
| 36452 | 2.65098 |  -32.09465 |
| 36452 | 2.65198 |  -32.10857 |
| 36452 | 2.65298 |  -32.12253 |
| 36452 | 2.65398 |  -32.13653 |
| 36452 | 2.65498 |  -32.15056 |
| 36452 | 2.65598 |  -32.16463 |
| 36452 | 2.65698 |  -32.17874 |
| 36452 | 2.65798 |  -32.19289 |
| 36452 | 2.65898 |  -32.20707 |
| 36452 | 2.65998 |  -32.22129 |
| 36452 | 2.66098 |  -32.23555 |
| 36452 | 2.66198 |  -32.24985 |
| 36452 | 2.66298 |  -32.26418 |
| 36452 | 2.66398 |  -32.27855 |
| 36452 | 2.66498 |  -32.29296 |
| 36452 | 2.66598 |  -32.30741 |
| 36452 | 2.66698 |  -32.32189 |
| 36452 | 2.66797 |  -32.33641 |
| 36452 | 2.66897 |  -32.35098 |
| 36452 | 2.66997 |  -32.36557 |
| 36452 | 2.67097 |  -32.38021 |
| 36452 | 2.67197 |  -32.39488 |
| 36452 | 2.67297 |  -32.40959 |
| 36452 | 2.67397 |  -32.42434 |
| 36452 | 2.67497 |  -32.43913 |
| 36452 | 2.67597 |  -32.45395 |
| 36452 | 2.67697 |  -32.46881 |
| 36452 | 2.67797 |  -32.48371 |
| 36452 | 2.67897 |  -32.49865 |
| 36452 | 2.67997 |  -32.51362 |
| 36452 | 2.68097 |  -32.52863 |
| 36452 | 2.68197 |  -32.54368 |
| 36452 | 2.68297 |  -32.55877 |
| 36452 | 2.68397 |  -32.57390 |
| 36452 | 2.68497 |  -32.58906 |
| 36452 | 2.68597 |  -32.60426 |
| 36452 | 2.68697 |  -32.61950 |
| 36452 | 2.68797 |  -32.63478 |
| 36452 | 2.68897 |  -32.65009 |
| 36452 | 2.68997 |  -32.66545 |
| 36452 | 2.69097 |  -32.68084 |
| 36452 | 2.69197 |  -32.69627 |
| 36452 | 2.69297 |  -32.71173 |
| 36452 | 2.69397 |  -32.72724 |
| 36452 | 2.69497 |  -32.74278 |
| 36452 | 2.69597 |  -32.75836 |
| 36452 | 2.69697 |  -32.77398 |
| 36452 | 2.69797 |  -32.78964 |
| 36452 | 2.69897 |  -32.80533 |
| 36452 | 2.69997 |  -32.82106 |
| 36452 | 2.70097 |  -32.83683 |
| 36452 | 2.70197 |  -32.85265 |
| 36452 | 2.70297 |  -32.86849 |
| 36452 | 2.70397 |  -32.88438 |
| 36452 | 2.70497 |  -32.90030 |
| 36452 | 2.70597 |  -32.91626 |
| 36452 | 2.70697 |  -32.93226 |
| 36452 | 2.70797 |  -32.94830 |
| 36452 | 2.70897 |  -32.96437 |
| 36452 | 2.70997 |  -32.98049 |
| 36452 | 2.71097 |  -32.99664 |
| 36452 | 2.71197 |  -33.01283 |
| 36452 | 2.71297 |  -33.02906 |
| 36452 | 2.71397 |  -33.04533 |
| 36452 | 2.71497 |  -33.06163 |
| 36452 | 2.71597 |  -33.07798 |
| 36452 | 2.71697 |  -33.09436 |
| 36452 | 2.71797 |  -33.11078 |
| 36452 | 2.71897 |  -33.12724 |
| 36452 | 2.71997 |  -33.14373 |
| 36452 | 2.72097 |  -33.16027 |
| 36452 | 2.72197 |  -33.17684 |
| 36452 | 2.72297 |  -33.19345 |
| 36452 | 2.72397 |  -33.21010 |
| 36452 | 2.72497 |  -33.22680 |
| 36452 | 2.72597 |  -33.24352 |
| 36452 | 2.72697 |  -33.26029 |
| 36452 | 2.72797 |  -33.27709 |
| 36452 | 2.72897 |  -33.29394 |
| 36452 | 2.72997 |  -33.31082 |
| 36452 | 2.73097 |  -33.32774 |
| 36452 | 2.73197 |  -33.34470 |
| 36452 | 2.73297 |  -33.36169 |
| 36452 | 2.73397 |  -33.37873 |
| 36452 | 2.73497 |  -33.39581 |
| 36452 | 2.73597 |  -33.41292 |
| 36452 | 2.73697 |  -33.43007 |
| 36452 | 2.73797 |  -33.44727 |
| 36452 | 2.73897 |  -33.46450 |
| 36452 | 2.73997 |  -327 |
| 36451 | 0.86899 |    3.53217 |
| 36451 | 0.86999 |    3.54412 |
| 36451 | 0.87099 |    3.55612 |
| 36451 | 0.87199 |    3.56815 |
| 36451 | 0.87299 |    3.58023 |
| 36451 | 0.87399 |    3.59235 |
| 36451 | 0.87499 |    3.60452 |
| 36451 | 0.87599 |    3.61673 |
| 36451 | 0.87699 |    3.62899 |
| 36451 | 0.87799 |    3.64129 |
| 36451 | 0.87899 |    3.65363 |
| 36451 | 0.87999 |    3.66602 |
| 36451 | 0.88099 |    3.67846 |
| 36451 | 0.88199 |    3.69094 |
| 36451 | 0.88299 |    3.70346 |
| 36451 | 0.88399 |    3.71604 |
| 36451 | 0.88499 |    3.72865 |
| 36451 | 0.88599 |    3.74132 |
| 36451 | 0.88699 |    3.75403 |
| 36451 | 0.88799 |    3.76678 |
| 36451 | 0.88899 |    3.77959 |
| 36451 | 0.88999 |    3.79244 |
| 36451 | 0.89099 |    3.80533 |
| 36451 | 0.89199 |    3.81828 |
| 36451 | 0.89299 |    3.83127 |
| 36451 | 0.89399 |    3.84431 |
| 36451 | 0.89499 |    3.85740 |
| 36451 | 0.89599 |    3.87054 |
| 36451 | 0.89699 |    3.88372 |
| 36451 | 0.89799 |    3.89696 |
| 36451 | 0.89899 |    3.91024 |
| 36451 | 0.89999 |    3.92358 |
| 36451 | 0.90099 |    3.93696 |
| 36451 | 0.90199 |    3.95039 |
| 36451 | 0.90299 |    3.96387 |
| 36451 | 0.90399 |    3.97740 |
| 36451 | 0.90499 |    3.99099 |
| 36451 | 0.90599 |    4.00462 |
| 36451 | 0.90699 |    4.01830 |
| 36451 | 0.90799 |    4.03204 |
| 36451 | 0.90899 |    4.04583 |
| 36451 | 0.90999 |    4.05966 |
| 36451 | 0.91099 |    4.07355 |
| 36451 | 0.91199 |    4.08750 |
| 36451 | 0.91299 |    4.10149 |
| 36451 | 0.91399 |    4.11554 |
| 36451 | 0.91499 |    4.12964 |
| 36451 | 0.91599 |    4.14379 |
| 36451 | 0.91699 |    4.15800 |
| 36451 | 0.91799 |    4.17226 |
| 36451 | 0.91899 |    4.18657 |
| 36451 | 0.91999 |    4.20094 |
| 36451 | 0.92099 |    4.21537 |
| 36451 | 0.92199 |    4.22984 |
| 36451 | 0.92299 |    4.24438 |
| 36451 | 0.92399 |    4.25896 |
| 36451 | 0.92499 |    4.27361 |
| 36451 | 0.92599 |    4.28831 |
| 36451 | 0.92699 |    4.30306 |
| 36451 | 0.92799 |    4.31787 |
| 36451 | 0.92899 |    4.33274 |
| 36451 | 0.92999 |    4.34767 |
| 36451 | 0.93099 |    4.36265 |
| 36451 | 0.93199 |    4.37769 |
| 36451 | 0.93299 |    4.39278 |
| 36451 | 0.93399 |    4.40794 |
| 36451 | 0.93499 |    4.42315 |
| 36451 | 0.93599 |    4.43842 |
| 36451 | 0.93699 |    4.45375 |
| 36451 | 0.93799 |    4.46914 |
| 36451 | 0.93899 |    4.48459 |
| 36451 | 0.93999 |    4.50010 |
| 36451 | 0.94099 |    4.51567 |
| 36451 | 0.94199 |    4.53130 |
| 36451 | 0.94299 |    4.54699 |
| 36451 | 0.94399 |    4.56274 |
| 36451 | 0.94499 |    4.57855 |
| 36451 | 0.94599 |    4.59442 |
| 36451 | 0.94699 |    4.61036 |
| 36451 | 0.94799 |    4.62636 |
| 36451 | 0.94899 |    4.64242 |
| 36451 | 0.94999 |    4.65854 |
| 36451 | 0.95099 |    4.67473 |
| 36451 | 0.95199 |    4.69097 |
| 36451 | 0.95299 |    4.70729 |
| 36451 | 0.95399 |    4.72366 |
| 36451 | 0.95499 |    4.74010 |
| 36451 | 0.95599 |    4.75661 |
| 36451 | 0.95699 |    4.77318 |
| 36451 | 0.95799 |    4.78982 |
| 36451 | 0.95899 |    4.80652 |
| 36451 | 0.95999 |    4.82329 |
| 36451 | 0.96099 |    4.84012 |
| 36451 | 0.96199 |    4.85702 |
| 36451 | 0.96299 |    4.87399 |
| 36451 | 0.96399 |    4.89102 |
| 36451 | 0.96499 |    4.90813 |
| 36451 | 0.96599 |    4.92530 |
| 36451 | 0.96699 |    4.94254 |
| 36451 | 0.96799 |    4.95985 |
| 36451 | 0.96899 |    4.97722 |
| 36451 | 0.96999 |    4.99467 |
| 36451 | 0.97099 |    5.01219 |
| 36451 | 0.97199 |    5.02977 |
| 36451 | 0.97299 |    5.04743 |
| 36451 | 0.97399 |    5.06516 |
| 36451 | 0.97499 |    5.08296 |
| 36451 | 0.97599 |    5.10083 |
| 36451 | 0.97699 |    5.11877 |
| 36451 | 0.97799 |    5.13679 |
| 36451 | 0.97899 |    5.15488 |
| 36451 | 0.97999 |    5.17304 |
| 36451 | 0.98099 |    5.19128 |
| 36451 | 0.98199 |    5.20959 |
| 36451 | 0.98299 |    5.22797 |
| 36451 | 0.98399 |    5.24643 |
| 36451 | 0.98499 |    5.26496 |
| 36451 | 0.98599 |    5.28357 |
| 36451 | 0.98699 |    5.30226 |
| 36451 | 0.98799 |    5.32102 |
| 36451 | 0.98899 |    5.33986 |
| 36451 | 0.98999 |    5.35877 |
| 36451 | 0.99099 |    5.37777 |
| 36451 | 0.99199 |    5.39684 |3.48176 |
| 36452 | 2.74097 |  -33.49907 |
| 36452 | 2.74197 |  -33.51642 |
| 36452 | 2.74297 |  -33.53381 |
| 36452 | 2.74397 |  -33.55123 |
| 36452 | 2.74497 |  -33.56869 |
| 36452 | 2.74597 |  -33.58619 |
| 36452 | 2.74697 |  -33.60373 |
| 36452 | 2.74797 |  -33.62132 |
| 36452 | 2.74897 |  -33.63894 |
| 36452 | 2.74997 |  -33.65659 |
| 36452 | 2.75097 |  -33.67429 |
| 36452 | 2.75197 |  -33.69203 |
| 36452 | 2.75297 |  -33.70980 |
| 36452 | 2.75397 |  -33.72762 |
| 36452 | 2.75497 |  -33.74547 |
| 36452 | 2.75597 |  -33.76336 |
| 36452 | 2.75697 |  -33.78130 |
| 36452 | 2.75797 |  -33.79927 |
| 36452 | 2.75897 |  -33.81728 |
| 36452 | 2.75997 |  -33.83533 |
| 36452 | 2.76097 |  -33.85342 |
| 36452 | 2.76197 |  -33.87155 |
| 36452 | 2.76297 |  -33.88971 |
| 36452 | 2.76397 |  -33.90792 |
| 36452 | 2.76497 |  -33.92617 |
| 36452 | 2.76597 |  -33.94445 |
| 36452 | 2.76697 |  -33.96278 |
| 36452 | 2.76797 |  -33.98115 |
| 36452 | 2.76897 |  -33.99955 |
| 36452 | 2.76997 |  -34.01800 |
| 36452 | 2.77097 |  -34.03648 |
| 36452 | 2.77197 |  -34.05500 |
| 36452 | 2.77297 |  -34.07356 |
| 36452 | 2.77397 |  -34.09217 |
| 36452 | 2.77497 |  -34.11081 |
| 36452 | 2.77597 |  -34.12949 |
| 36452 | 2.77697 |  -34.14822 |
| 36452 | 2.77797 |  -34.16698 |
| 36452 | 2.77897 |  -34.18578 |
| 36452 | 2.77997 |  -34.20462 |
| 36452 | 2.78097 |  -34.22351 |
| 36452 | 2.78197 |  -34.24243 |
| 36452 | 2.78297 |  -34.26139 |
| 36452 | 2.78397 |  -34.28039 |
| 36452 | 2.78497 |  -34.29943 |
| 36452 | 2.78597 |  -34.31852 |
| 36452 | 2.78697 |  -34.33764 |
| 36452 | 2.78797 |  -34.35680 |
| 36452 | 2.78897 |  -34.37600 |
| 36452 | 2.78997 |  -34.39524 |
| 36452 | 2.79097 |  -34.41452 |
| 36452 | 2.79197 |  -34.43385 |
| 36452 | 2.79297 |  -34.45321 |
| 36452 | 2.79397 |  -34.47261 |
| 36452 | 2.79497 |  -34.49205 |
| 36452 | 2.79597 |  -34.51154 |
| 36452 | 2.79697 |  -34.53106 |
| 36452 | 2.79797 |  -34.55063 |
| 36452 | 2.79897 |  -34.57024 |
| 36452 | 2.79997 |  -34.58988 |
| 36452 | 2.80097 |  -34.60957 |
| 36452 | 2.80197 |  -34.62930 |
| 36452 | 2.80297 |  -34.64906 |
| 36452 | 2.80397 |  -34.66887 |
| 36452 | 2.80497 |  -34.68872 |
| 36452 | 2.80596 |  -34.70861 |
| 36452 | 2.80696 |  -34.72854 |
| 36452 | 2.80796 |  -34.74851 |
| 36452 | 2.80896 |  -34.76852 |
| 36452 | 2.80996 |  -34.78857 |
| 36452 | 2.81096 |  -34.80867 |
| 36452 | 2.81196 |  -34.82881 |
| 36452 | 2.81296 |  -34.84898 |
| 36452 | 2.81396 |  -34.86920 |
| 36452 | 2.81496 |  -34.88946 |
| 36452 | 2.81596 |  -34.90975 |
| 36452 | 2.81696 |  -34.93009 |
| 36452 | 2.81796 |  -34.95047 |
| 36452 | 2.81896 |  -34.97089 |
| 36452 | 2.81996 |  -34.99136 |
| 36452 | 2.82096 |  -35.01186 |
| 36452 | 2.82196 |  -35.03241 |
| 36452 | 2.82296 |  -35.05300 |
| 36452 | 2.82396 |  -35.07363 |
| 36452 | 2.82496 |  -35.09430 |
| 36452 | 2.82596 |  -35.11501 |
| 36452 | 2.82696 |  -35.13577 |
| 36452 | 2.82796 |  -35.15656 |
| 36452 | 2.82896 |  -35.17739 |
| 36452 | 2.82996 |  -35.19828 |
| 36452 | 2.83096 |  -35.21919 |
| 36452 | 2.83196 |  -35.24015 |
| 36452 | 2.83296 |  -35.26116 |
| 36452 | 2.83396 |  -35.28220 |
| 36452 | 2.83496 |  -35.30329 |
| 36452 | 2.83596 |  -35.32442 |
| 36452 | 2.83696 |  -35.34559 |
| 36452 | 2.83796 |  -35.36681 |
| 36452 | 2.83896 |  -35.38806 |
| 36452 | 2.83996 |  -35.40936 |
| 36452 | 2.84096 |  -35.43069 |
| 36452 | 2.84196 |  -35.45208 |
| 36452 | 2.84296 |  -35.47350 |
| 36452 | 2.84396 |  -35.49496 |
| 36452 | 2.84496 |  -35.51647 |
| 36452 | 2.84596 |  -35.53802 |
| 36452 | 2.84696 |  -35.55961 |
| 36452 | 2.84796 |  -35.58125 |
| 36452 | 2.84896 |  -35.60293 |
| 36452 | 2.84996 |  -35.62465 |
| 36452 | 2.85096 |  -35.64640 |
| 36452 | 2.85196 |  -35.66821 |
| 36452 | 2.85296 |  -35.69006 |
| 36452 | 2.85396 |  -35.71195 |
| 36452 | 2.85496 |  -35.73388 |
| 36452 | 2.85596 |  -35.75585 |
| 36452 | 2.85696 |  -35.77787 |
| 36452 | 2.85796 |  -35.79993 |
| 36452 | 2.85896 |  -35.82204 |
| 36452 | 2.85996 |  -35.84418 |
| 36452 | 2.86096 |  -35.86637 |
| 36452 | 2.86196 |  -35.88860 |
| 36452 | 2.86296 |  -35.91088 |
| 36452 | 2.86396 |  -35.93
| 36451 | 0.99299 |    5.41599 |
| 36451 | 0.99399 |    5.43521 |
| 36451 | 0.99499 |    5.45452 |
| 36451 | 0.99599 |    5.47391 |
| 36451 | 0.99699 |    5.49338 |
| 36451 | 0.99799 |    5.51292 |
| 36451 | 0.99899 |    5.53255 |
| 36451 | 0.99999 |    5.55226 |
| 36451 | 1.00099 |    5.57206 |
| 36451 | 1.00199 |    5.59193 |
| 36451 | 1.00299 |    5.61189 |
| 36451 | 1.00399 |    5.63193 |
| 36451 | 1.00499 |    5.65206 |
| 36451 | 1.00599 |    5.67227 |
| 36451 | 1.00699 |    5.69256 |
| 36451 | 1.00799 |    5.71294 |
| 36451 | 1.00899 |    5.73341 |
| 36451 | 1.00999 |    5.75396 |
| 36451 | 1.01099 |    5.77460 |
| 36451 | 1.01199 |    5.79532 |
| 36451 | 1.01299 |    5.81613 |
| 36451 | 1.01399 |    5.83703 |
| 36451 | 1.01499 |    5.85802 |
| 36451 | 1.01599 |    5.87910 |
| 36451 | 1.01699 |    5.90026 |
| 36451 | 1.01799 |    5.92152 |
| 36451 | 1.01899 |    5.94287 |
| 36451 | 1.01999 |    5.96431 |
| 36451 | 1.02099 |    5.98583 |
| 36451 | 1.02199 |    6.00745 |
| 36451 | 1.02299 |    6.02917 |
| 36451 | 1.02399 |    6.05098 |
| 36451 | 1.02499 |    6.07288 |
| 36451 | 1.02599 |    6.09487 |
| 36451 | 1.02699 |    6.11696 |
| 36451 | 1.02799 |    6.13914 |
| 36451 | 1.02899 |    6.16142 |
| 36451 | 1.02999 |    6.18380 |
| 36451 | 1.03099 |    6.20627 |
| 36451 | 1.03199 |    6.22884 |
| 36451 | 1.03299 |    6.25151 |
| 36451 | 1.03399 |    6.27427 |
| 36451 | 1.03499 |    6.29714 |
| 36451 | 1.03599 |    6.32010 |
| 36451 | 1.03699 |    6.34317 |
| 36451 | 1.03799 |    6.36633 |
| 36451 | 1.03899 |    6.38960 |
| 36451 | 1.03999 |    6.41297 |
| 36451 | 1.04099 |    6.43644 |
| 36451 | 1.04199 |    6.46002 |
| 36451 | 1.04299 |    6.48369 |
| 36451 | 1.04399 |    6.50748 |
| 36451 | 1.04499 |    6.53136 |
| 36451 | 1.04599 |    6.55536 |
| 36451 | 1.04699 |    6.57946 |
| 36451 | 1.04799 |    6.60366 |
| 36451 | 1.04899 |    6.62798 |
| 36451 | 1.04999 |    6.65240 |
| 36451 | 1.05099 |    6.67693 |
| 36451 | 1.05199 |    6.70157 |
| 36451 | 1.05299 |    6.72632 |
| 36451 | 1.05399 |    6.75118 |
| 36451 | 1.05499 |    6.77615 |
| 36451 | 1.05599 |    6.80123 |
| 36451 | 1.05699 |    6.82642 |
| 36451 | 1.05799 |    6.85173 |
| 36451 | 1.05899 |    6.87716 |
| 36451 | 1.05999 |    6.90269 |
| 36451 | 1.06099 |    6.92835 |
| 36451 | 1.06199 |    6.95412 |
| 36451 | 1.06299 |    6.98000 |
| 36451 | 1.06399 |    7.00601 |
| 36451 | 1.06499 |    7.03213 |
| 36451 | 1.06599 |    7.05837 |
| 36451 | 1.06699 |    7.08473 |
| 36451 | 1.06799 |    7.11121 |
| 36451 | 1.06899 |    7.13781 |
| 36451 | 1.06999 |    7.16453 |
| 36451 | 1.07099 |    7.19138 |
| 36451 | 1.07199 |    7.21835 |
| 36451 | 1.07299 |    7.24544 |
| 36451 | 1.07399 |    7.27266 |
| 36451 | 1.07499 |    7.30000 |
| 36451 | 1.07599 |    7.32747 |
| 36451 | 1.07699 |    7.35507 |
| 36451 | 1.07799 |    7.38279 |
| 36451 | 1.07899 |    7.41065 |
| 36451 | 1.07999 |    7.43863 |
| 36451 | 1.08099 |    7.46675 |
| 36451 | 1.08199 |    7.49499 |
| 36451 | 1.08299 |    7.52337 |
| 36451 | 1.08399 |    7.55188 |
| 36451 | 1.08499 |    7.58052 |
| 36451 | 1.08599 |    7.60930 |
| 36451 | 1.08699 |    7.63822 |
| 36451 | 1.08799 |    7.66727 |
| 36451 | 1.08899 |    7.69645 |
| 36451 | 1.08999 |    7.72578 |
| 36451 | 1.09099 |    7.75524 |
| 36451 | 1.09200 |    7.78485 |
| 36451 | 1.09300 |    7.81459 |
| 36451 | 1.09400 |    7.84448 |
| 36451 | 1.09500 |    7.87451 |
| 36451 | 1.09600 |    7.90468 |
| 36451 | 1.09700 |    7.93500 |
| 36451 | 1.09800 |    7.96546 |
| 36451 | 1.09900 |    7.99607 |
| 36451 | 1.10000 |    8.02682 |
| 36451 | 1.10100 |    8.05772 |
| 36451 | 1.10200 |    8.08878 |
| 36451 | 1.10300 |    8.11998 |
| 36451 | 1.10400 |    8.15133 |
| 36451 | 1.10500 |    8.18284 |
| 36451 | 1.10600 |    8.21450 |
| 36451 | 1.10700 |    8.24631 |
| 36451 | 1.10800 |    8.27828 |
| 36451 | 1.10900 |    8.31040 |
| 36451 | 1.11000 |    8.34268 |
| 36451 | 1.11100 |    8.37512 |
| 36451 | 1.11200 |    8.40772 |
| 36451 | 1.11300 |    8.44048 |
| 36451 | 1.11400 |    8.47340 |
| 36451 | 1.11500 |    8.50649 |
| 36451 | 1.11600 |    8.53973 |
| 3320 |
| 36452 | 2.86496 |  -35.95556 |
| 36452 | 2.86596 |  -35.97797 |
| 36452 | 2.86696 |  -36.00041 |
| 36452 | 2.86796 |  -36.02290 |
| 36452 | 2.86896 |  -36.04544 |
| 36452 | 2.86996 |  -36.06802 |
| 36452 | 2.87096 |  -36.09064 |
| 36452 | 2.87196 |  -36.11330 |
| 36452 | 2.87296 |  -36.13601 |
| 36452 | 2.87396 |  -36.15876 |
| 36452 | 2.87496 |  -36.18156 |
| 36452 | 2.87596 |  -36.20440 |
| 36452 | 2.87696 |  -36.22728 |
| 36452 | 2.87796 |  -36.25021 |
| 36452 | 2.87896 |  -36.27318 |
| 36452 | 2.87996 |  -36.29620 |
| 36452 | 2.88096 |  -36.31925 |
| 36452 | 2.88196 |  -36.34235 |
| 36452 | 2.88296 |  -36.36550 |
| 36452 | 2.88396 |  -36.38869 |
| 36452 | 2.88496 |  -36.41193 |
| 36452 | 2.88596 |  -36.43521 |
| 36452 | 2.88696 |  -36.45853 |
| 36452 | 2.88796 |  -36.48190 |
| 36452 | 2.88896 |  -36.50531 |
| 36452 | 2.88996 |  -36.52876 |
| 36452 | 2.89096 |  -36.55226 |
| 36452 | 2.89196 |  -36.57581 |
| 36452 | 2.89296 |  -36.59940 |
| 36452 | 2.89396 |  -36.62303 |
| 36452 | 2.89496 |  -36.64671 |
| 36452 | 2.89596 |  -36.67043 |
| 36452 | 2.89696 |  -36.69419 |
| 36452 | 2.89796 |  -36.71801 |
| 36452 | 2.89896 |  -36.74187 |
| 36452 | 2.89996 |  -36.76578 |
| 36452 | 2.90096 |  -36.78972 |
| 36452 | 2.90196 |  -36.81371 |
| 36452 | 2.90296 |  -36.83775 |
| 36452 | 2.90396 |  -36.86183 |
| 36452 | 2.90496 |  -36.88596 |
| 36452 | 2.90596 |  -36.91013 |
| 36452 | 2.90696 |  -36.93435 |
| 36452 | 2.90796 |  -36.95861 |
| 36452 | 2.90896 |  -36.98292 |
| 36452 | 2.90996 |  -37.00728 |
| 36452 | 2.91096 |  -37.03168 |
| 36452 | 2.91196 |  -37.05613 |
| 36452 | 2.91296 |  -37.08061 |
| 36452 | 2.91396 |  -37.10515 |
| 36452 | 2.91496 |  -37.12973 |
| 36452 | 2.91596 |  -37.15436 |
| 36452 | 2.91696 |  -37.17904 |
| 36452 | 2.91796 |  -37.20375 |
| 36452 | 2.91896 |  -37.22852 |
| 36452 | 2.91996 |  -37.25333 |
| 36452 | 2.92096 |  -37.27819 |
| 36452 | 2.92196 |  -37.30310 |
| 36452 | 2.92296 |  -37.32804 |
| 36452 | 2.92396 |  -37.35305 |
| 36452 | 2.92496 |  -37.37809 |
| 36452 | 2.92596 |  -37.40318 |
| 36452 | 2.92696 |  -37.42831 |
| 36452 | 2.92796 |  -37.45349 |
| 36452 | 2.92896 |  -37.47872 |
| 36452 | 2.92996 |  -37.50399 |
| 36452 | 2.93096 |  -37.52932 |
| 36452 | 2.93196 |  -37.55468 |
| 36452 | 2.93296 |  -37.58010 |
| 36452 | 2.93396 |  -37.60556 |
| 36452 | 2.93496 |  -37.63107 |
| 36452 | 2.93596 |  -37.65663 |
| 36452 | 2.93696 |  -37.68223 |
| 36452 | 2.93796 |  -37.70788 |
| 36452 | 2.93896 |  -37.73358 |
| 36452 | 2.93996 |  -37.75932 |
| 36452 | 2.94096 |  -37.78511 |
| 36452 | 2.94196 |  -37.81095 |
| 36452 | 2.94296 |  -37.83684 |
| 36452 | 2.94395 |  -37.86277 |
| 36452 | 2.94495 |  -37.88875 |
| 36452 | 2.94595 |  -37.91478 |
| 36452 | 2.94695 |  -37.94086 |
| 36452 | 2.94795 |  -37.96698 |
| 36452 | 2.94895 |  -37.99315 |
| 36452 | 2.94995 |  -38.01937 |
| 36452 | 2.95095 |  -38.04564 |
| 36452 | 2.95195 |  -38.07196 |
| 36452 | 2.95295 |  -38.09832 |
| 36452 | 2.95395 |  -38.12473 |
| 36452 | 2.95495 |  -38.15119 |
| 36452 | 2.95595 |  -38.17770 |
| 36452 | 2.95695 |  -38.20426 |
| 36452 | 2.95795 |  -38.23086 |
| 36452 | 2.95895 |  -38.25752 |
| 36452 | 2.95995 |  -38.28422 |
| 36452 | 2.96095 |  -38.31097 |
| 36452 | 2.96195 |  -38.33776 |
| 36452 | 2.96295 |  -38.36461 |
| 36452 | 2.96395 |  -38.39151 |
| 36452 | 2.96495 |  -38.41845 |
| 36452 | 2.96595 |  -38.44545 |
| 36452 | 2.96695 |  -38.47249 |
| 36452 | 2.96795 |  -38.49958 |
| 36452 | 2.96895 |  -38.52673 |
| 36452 | 2.96995 |  -38.55392 |
| 36452 | 2.97095 |  -38.58116 |
| 36452 | 2.97195 |  -38.60844 |
| 36452 | 2.97295 |  -38.63578 |
| 36452 | 2.97395 |  -38.66317 |
| 36452 | 2.97495 |  -38.69060 |
| 36452 | 2.97595 |  -38.71809 |
| 36452 | 2.97695 |  -38.74563 |
| 36452 | 2.97795 |  -38.77321 |
| 36452 | 2.97895 |  -38.80085 |
| 36452 | 2.97995 |  -38.82853 |
| 36452 | 2.98095 |  -38.85627 |
| 36452 | 2.98195 |  -38.88406 |
| 36452 | 2.98295 |  -38.91189 |
| 36452 | 2.98395 |  -38.93978 |
| 36452 | 2.98495 |  -38.96771 |
| 36452 | 2.98595 |  -38.99570 |
| 36452 | 2.98695 |  -39.02374 |
| 36452 | 2.98795 |  -39.05182 6451 | 1.11700 |    8.57314 |
| 36451 | 1.11800 |    8.60672 |
| 36451 | 1.11900 |    8.64046 |
| 36451 | 1.12000 |    8.67438 |
| 36451 | 1.12100 |    8.70846 |
| 36451 | 1.12200 |    8.74271 |
| 36451 | 1.12300 |    8.77713 |
| 36451 | 1.12400 |    8.81173 |
| 36451 | 1.12500 |    8.84650 |
| 36451 | 1.12600 |    8.88144 |
| 36451 | 1.12700 |    8.91656 |
| 36451 | 1.12800 |    8.95186 |
| 36451 | 1.12900 |    8.98734 |
| 36451 | 1.13000 |    9.02299 |
| 36451 | 1.13100 |    9.05883 |
| 36451 | 1.13200 |    9.09485 |
| 36451 | 1.13300 |    9.13105 |
| 36451 | 1.13400 |    9.16744 |
| 36451 | 1.13500 |    9.20402 |
| 36451 | 1.13600 |    9.24078 |
| 36451 | 1.13700 |    9.27773 |
| 36451 | 1.13800 |    9.31487 |
| 36451 | 1.13900 |    9.35221 |
| 36451 | 1.14000 |    9.38973 |
| 36451 | 1.14100 |    9.42745 |
| 36451 | 1.14200 |    9.46537 |
| 36451 | 1.14300 |    9.50348 |
| 36451 | 1.14400 |    9.54179 |
| 36451 | 1.14500 |    9.58031 |
| 36451 | 1.14600 |    9.61902 |
| 36451 | 1.14700 |    9.65793 |
| 36451 | 1.14800 |    9.69705 |
| 36451 | 1.14900 |    9.73638 |
| 36451 | 1.15000 |    9.77591 |
| 36451 | 1.15100 |    9.81565 |
| 36451 | 1.15200 |    9.85561 |
| 36451 | 1.15300 |    9.89577 |
| 36451 | 1.15400 |    9.93615 |
| 36451 | 1.15500 |    9.97674 |
| 36451 | 1.15600 |   10.01755 |
| 36451 | 1.15700 |   10.05857 |
| 36451 | 1.15800 |   10.09982 |
| 36451 | 1.15900 |   10.14129 |
| 36451 | 1.16000 |   10.18298 |
| 36451 | 1.16100 |   10.22489 |
| 36451 | 1.16200 |   10.26703 |
| 36451 | 1.16300 |   10.30940 |
| 36451 | 1.16400 |   10.35200 |
| 36451 | 1.16500 |   10.39483 |
| 36451 | 1.16600 |   10.43789 |
| 36451 | 1.16700 |   10.48119 |
| 36451 | 1.16800 |   10.52473 |
| 36451 | 1.16900 |   10.56850 |
| 36451 | 1.17000 |   10.61251 |
| 36451 | 1.17100 |   10.65677 |
| 36451 | 1.17200 |   10.70127 |
| 36451 | 1.17300 |   10.74601 |
| 36451 | 1.17400 |   10.79101 |
| 36451 | 1.17500 |   10.83625 |
| 36451 | 1.17600 |   10.88174 |
| 36451 | 1.17700 |   10.92749 |
| 36451 | 1.17800 |   10.97349 |
| 36451 | 1.17900 |   11.01975 |
| 36451 | 1.18000 |   11.06627 |
| 36451 | 1.18100 |   11.11305 |
| 36451 | 1.18200 |   11.16009 |
| 36451 | 1.18300 |   11.20740 |
| 36451 | 1.18400 |   11.25498 |
| 36451 | 1.18500 |   11.30283 |
| 36451 | 1.18600 |   11.35094 |
| 36451 | 1.18700 |   11.39933 |
| 36451 | 1.18800 |   11.44800 |
| 36451 | 1.18900 |   11.49695 |
| 36451 | 1.19000 |   11.54618 |
| 36451 | 1.19100 |   11.59569 |
| 36451 | 1.19200 |   11.64549 |
| 36451 | 1.19300 |   11.69557 |
| 36451 | 1.19400 |   11.74594 |
| 36451 | 1.19500 |   11.79660 |
| 36451 | 1.19600 |   11.84756 |
| 36451 | 1.19700 |   11.89882 |
| 36451 | 1.19800 |   11.95037 |
| 36451 | 1.19900 |   12.00223 |
| 36451 | 1.20000 |   12.05439 |
| 36451 | 1.20100 |   12.10685 |
| 36451 | 1.20200 |   12.15963 |
| 36451 | 1.20300 |   12.21272 |
| 36451 | 1.20400 |   12.26612 |
| 36451 | 1.20500 |   12.31984 |
| 36451 | 1.20600 |   12.37388 |
| 36451 | 1.20700 |   12.42824 |
| 36451 | 1.20800 |   12.48292 |
| 36451 | 1.20900 |   12.53793 |
| 36451 | 1.21000 |   12.59328 |
| 36451 | 1.21100 |   12.64895 |
| 36451 | 1.21200 |   12.70496 |
| 36451 | 1.21300 |   12.76132 |
| 36451 | 1.21400 |   12.81801 |
| 36451 | 1.21500 |   12.87504 |
| 36451 | 1.21600 |   12.93243 |
| 36451 | 1.21700 |   12.99016 |
| 36451 | 1.21800 |   13.04825 |
| 36451 | 1.21900 |   13.10669 |
| 36451 | 1.22000 |   13.16550 |
| 36451 | 1.22100 |   13.22467 |
| 36451 | 1.22200 |   13.28420 |
| 36451 | 1.22300 |   13.34410 |
| 36451 | 1.22400 |   13.40437 |
| 36451 | 1.22500 |   13.46502 |
| 36451 | 1.22600 |   13.52605 |
| 36451 | 1.22700 |   13.58746 |
| 36451 | 1.22800 |   13.64926 |
| 36451 | 1.22900 |   13.71144 |
| 36451 | 1.23000 |   13.77402 |
| 36451 | 1.23100 |   13.83699 |
| 36451 | 1.23200 |   13.90037 |
| 36451 | 1.23300 |   13.96414 |
| 36451 | 1.23400 |   14.02832 |
| 36451 | 1.23500 |   14.09292 |
| 36451 | 1.23600 |   14.15792 |
| 36451 | 1.23700 |   14.22335 |
| 36451 | 1.23800 |   14.28919 |
| 36451 | 1.23900 |   14.35546 |
| 36451 | 1.24000 |   14.42216 |
| 36451|
| 36452 | 2.98895 |  -39.07996 |
| 36452 | 2.98995 |  -39.10815 |
| 36452 | 2.99095 |  -39.13639 |
| 36452 | 2.99195 |  -39.16468 |
| 36452 | 2.99295 |  -39.19302 |
| 36452 | 2.99395 |  -39.22141 |
| 36452 | 2.99495 |  -39.24985 |
| 36452 | 2.99595 |  -39.27834 |
| 36452 | 2.99695 |  -39.30689 |
| 36452 | 2.99795 |  -39.33548 |
| 36452 | 2.99895 |  -39.36413 |
 | 1.24100 |   14.48930 |
| 36451 | 1.24200 |   14.55687 |
| 36451 | 1.24300 |   14.62488 |
| 36451 | 1.24400 |   14.69334 |
| 36451 | 1.24500 |   14.76225 |
| 36451 | 1.24600 |   14.83161 |
| 36451 | 1.24700 |   14.90142 |
| 36451 | 1.24800 |   14.97171 |
| 36451 | 1.24900 |   15.04245 |
| 36451 | 1.25000 |   15.11367 |
| 36451 | 1.25100 |   15.18536 |
| 36451 | 1.25200 |   15.25754 |
| 36451 | 1.25300 |   15.33020 |
| 36451 | 1.25400 |   15.40334 |
| 36451 | 1.25500 |   15.47698 |
| 36451 | 1.25600 |   15.55112 |
| 36451 | 1.25700 |   15.62577 |
| 36451 | 1.25800 |   15.70092 |
| 36451 | 1.25900 |   15.77658 |
| 36451 | 1.26000 |   15.85276 |
| 36451 | 1.26100 |   15.92947 |
| 36451 | 1.26200 |   16.00670 |
| 36451 | 1.26300 |   16.08447 |
| 36451 | 1.26400 |   16.16277 |
| 36451 | 1.26500 |   16.24162 |
| 36451 | 1.26600 |   16.32102 |
| 36451 | 1.26700 |   16.40097 |
| 36451 | 1.26800 |   16.48149 |
| 36451 | 1.26900 |   16.56257 |
| 36451 | 1.27000 |   16.64422 |
| 36451 | 1.27100 |   16.72645 |
| 36451 | 1.27200 |   16.80926 |
| 36451 | 1.27300 |   16.89266 |
| 36451 | 1.27400 |   16.97666 |
| 36451 | 1.27500 |   17.06125 |
| 36451 | 1.27600 |   17.14646 |
| 36451 | 1.27700 |   17.23228 |
| 36451 | 1.27800 |   17.31872 |
| 36451 | 1.27900 |   17.40578 |
| 36451 | 1.28000 |   17.49348 |
| 36451 | 1.28100 |   17.58182 |
| 36451 | 1.28200 |   17.67080 |
| 36451 | 1.28300 |   17.76044 |
| 36451 | 1.28400 |   17.85074 |
| 36451 | 1.28500 |   17.94170 |
| 36451 | 1.28600 |   18.03334 |
| 36451 | 1.28700 |   18.12566 |
| 36451 | 1.28800 |   18.21866 |
| 36451 | 1.28900 |   18.31237 |
| 36451 | 1.29000 |   18.40677 |
| 36451 | 1.29100 |   18.50189 |
| 36451 | 1.29200 |   18.59772 |
| 36451 | 1.29300 |   18.69428 |
| 36451 | 1.29400 |   18.79158 |
| 36451 | 1.29500 |   18.88962 |
| 36451 | 1.29600 |   18.98840 |
| 36451 | 1.29700 |   19.08795 |
| 36451 | 1.29800 |   19.18826 |
| 36451 | 1.29900 |   19.28935 |
| 36451 | 1.30000 |   19.39122 |
| 36451 | 1.30100 |   19.49389 |
| 36451 | 1.30200 |   19.59735 |
| 36451 | 1.30300 |   19.70163 |
| 36451 | 1.30400 |   19.80673 |
| 36451 | 1.30500 |   19.91265 |
| 36451 | 1.30601 |   20.01942 |
| 36451 | 1.30701 |   20.12704 |
| 36451 | 1.30801 |   20.23551 |
| 36451 | 1.30901 |   20.34485 |
| 36451 | 1.31001 |   20.45506 |
| 36451 | 1.31101 |   20.56617 |
| 36451 | 1.31201 |   20.67817 |
| 36451 | 1.31301 |   20.79109 |
| 36451 | 1.31401 |   20.90492 |
| 36451 | 1.31501 |   21.01968 |
| 36451 | 1.31601 |   21.13539 |
| 36451 | 1.31701 |   21.25204 |
| 36451 | 1.31801 |   21.36967 |
| 36451 | 1.31901 |   21.48826 |
| 36451 | 1.32001 |   21.60785 |
| 36451 | 1.32101 |   21.72843 |
| 36451 | 1.32201 |   21.85002 |
| 36451 | 1.32301 |   21.97264 |
| 36451 | 1.32401 |   22.09629 |
| 36451 | 1.32501 |   22.22099 |
| 36451 | 1.32601 |   22.34676 |
| 36451 | 1.32701 |   22.47359 |
| 36451 | 1.32801 |   22.60152 |
| 36451 | 1.32901 |   22.73055 |
| 36451 | 1.33001 |   22.86069 |
| 36451 | 1.33101 |   22.99197 |
| 36451 | 1.33201 |   23.12438 |
| 36451 | 1.33301 |   23.25796 |
| 36451 | 1.33401 |   23.39270 |
| 36451 | 1.33501 |   23.52864 |
| 36451 | 1.33601 |   23.66578 |
| 36451 | 1.33701 |   23.80413 |
| 36451 | 1.33801 |   23.94372 |
| 36451 | 1.33901 |   24.08456 |
| 36451 | 1.34001 |   24.22667 |
| 36451 | 1.34101 |   24.37006 |
| 36451 | 1.34201 |   24.51475 |
| 36451 | 1.34301 |   24.66076 |
| 36451 | 1.34401 |   24.80811 |
| 36451 | 1.34501 |   24.95680 |
| 36451 | 1.34601 |   25.10686 |
| 36451 | 1.34701 |   25.25832 |
| 36451 | 1.34801 |   25.41118 |
| 36451 | 1.34901 |   25.56547 |
| 36451 | 1.35001 |   25.72121 |
| 36451 | 1.35101 |   25.87841 |
| 36451 | 1.35201 |   26.03710 |
| 36451 | 1.35301 |   26.19729 |
| 36451 | 1.35401 |   26.35902 |
| 36451 | 1.35501 |   26.52229 |
| 36451 | 1.35601 |   26.68713 |
| 36451 | 1.35701 |   26.85357 |
| 36451 | 1.35801 |   27.02162 |
| 36451 | 1.35901 |   27.19131 |
| 36451 | 1.36001 |   27.36266 |
| 36451 | 1.36101 |   27.53570 |
| 36451 | 1.36201 |   27.71045 |
| 36451 | 1.36301 |   27.88693 |
| 36451 | 1.36401 |   28.06517 |
| 36451 | 1.36501 |   28.24520 |
| 36451 | 1.36601 |   28.42703 |
| 36451 | 1.36701 |   28.61071 |
| 36451 | 1.36801 |   28.79626 |
| 36451 | 1.36901 |   28.98369 |
| 36451 | 1.37001 |   29.17305 |
| 36451 | 1.37101 |   29.36436 |
| 36451 | 1.37201 |   29.55765 |
| 36451 | 1.37301 |   29.75295 |
| 36451 | 1.37401 |   29.95029 |
| 36451 | 1.37501 |   30.14970 |
| 36451 | 1.37601 |   30.35122 |
| 36451 | 1.37701 |   30.55487 |
| 36451 | 1.37801 |   30.76070 |
| 36451 | 1.37901 |   30.96873 |
| 36451 | 1.38001 |   31.17900 |
| 36451 | 1.38101 |   31.39154 |
| 36451 | 1.38201 |   31.60640 |
| 36451 | 1.38301 |   31.82360 |
| 36451 | 1.38401 |   32.04319 |
| 36451 | 1.38501 |   32.26520 |
| 36451 | 1.38601 |   32.48968 |
| 36451 | 1.38701 |   32.71666 |
| 36451 | 1.38801 |   32.94618 |
| 36451 | 1.38901 |   33.17830 |
| 36451 | 1.39001 |   33.41304 |
| 36451 | 1.39101 |   33.65046 |
| 36451 | 1.39201 |   33.89059 |
| 36451 | 1.39301 |   34.13349 |
| 36451 | 1.39401 |   34.37921 |
| 36451 | 1.39501 |   34.62778 |
| 36451 | 1.39601 |   34.87926 |
| 36451 | 1.39701 |   35.13371 |
| 36451 | 1.39801 |   35.39116 |
| 36451 | 1.39901 |   35.65168 |
| 36451 | 1.40001 |   35.91531 |
| 36451 | 1.40101 |   36.18212 |
| 36451 | 1.40201 |   36.45216 |
| 36451 | 1.40301 |   36.72549 |
| 36451 | 1.40401 |   37.00216 |
| 36451 | 1.40501 |   37.28224 |
| 36451 | 1.40601 |   37.56578 |
| 36451 | 1.40701 |   37.85286 |
| 36451 | 1.40801 |   38.14354 |
| 36451 | 1.40901 |   38.43789 |
| 36451 | 1.41001 |   38.73596 |
| 36451 | 1.41101 |   39.03784 |
| 36451 | 1.41201 |   39.34360 |
| 36451 | 1.41301 |   39.65331 |
| 36451 | 1.41401 |   39.96703 |
| 36451 | 1.41501 |   40.28486 |
| 36451 | 1.41601 |   40.60688 |
| 36451 | 1.41701 |   40.93316 |
| 36451 | 1.41801 |   41.26377 |
| 36451 | 1.41901 |   41.59883 |
| 36451 | 1.42001 |   41.93842 |
| 36451 | 1.42101 |   42.28261 |
| 36451 | 1.42201 |   42.63151 |
| 36451 | 1.42301 |   42.98521 |
| 36451 | 1.42401 |   43.34381 |
| 36451 | 1.42501 |   43.70741 |
| 36451 | 1.42601 |   44.07611 |
| 36451 | 1.42701 |   44.45002 |
| 36451 | 1.42801 |   44.82926 |
| 36451 | 1.42901 |   45.21392 |
| 36451 | 1.43001 |   45.60414 |
| 36451 | 1.43101 |   46.00002 |
| 36451 | 1.43201 |   46.40170 |
| 36451 | 1.43301 |   46.80930 |
| 36451 | 1.43401 |   47.22293 |
| 36451 | 1.43501 |   47.64275 |
| 36451 | 1.43601 |   48.06889 |
| 36451 | 1.43701 |   48.50148 |
| 36451 | 1.43801 |   48.94068 |
| 36451 | 1.43901 |   49.38665 |
| 36451 | 1.44001 |   49.83951 |
| 36451 | 1.44101 |   50.29945 |
| 36451 | 1.44201 |   50.76664 |
| 36451 | 1.44301 |   51.24122 |
| 36451 | 1.44401 |   51.72339 |
| 36451 | 1.44501 |   52.21331 |
| 36451 | 1.44601 |   52.71119 |
| 36451 | 1.44701 |   53.21721 |
| 36451 | 1.44801 |   53.73157 |
| 36451 | 1.44901 |   54.25448 |
| 36451 | 1.45001 |   54.78615 |
| 36451 | 1.45101 |   55.32680 |
| 36451 | 1.45201 |   55.87664 |
| 36451 | 1.45301 |   56.43594 |
| 36451 | 1.45401 |   57.00492 |
| 36451 | 1.45501 |   57.58382 |
| 36451 | 1.45601 |   58.17292 |
| 36451 | 1.45701 |   58.77249 |
| 36451 | 1.45801 |   59.38279 |
| 36451 | 1.45901 |   60.00413 |
| 36451 | 1.46001 |   60.63680 |
| 36451 | 1.46101 |   61.28110 |
| 36451 | 1.46201 |   61.93736 |
| 36451 | 1.46301 |   62.60591 |
| 36451 | 1.46401 |   63.28710 |
| 36451 | 1.46501 |   63.98128 |
| 36451 | 1.46601 |   64.68884 |
| 36451 | 1.46701 |   65.41015 |
| 36451 | 1.46801 |   66.14561 |
| 36451 | 1.46901 |   66.89565 |
| 36451 | 1.47001 |   67.66071 |
| 36451 | 1.47101 |   68.44121 |
| 36451 | 1.47201 |   69.23764 |
| 36451 | 1.47301 |   70.05049 |
| 36451 | 1.47401 |   70.88028 |
| 36451 | 1.47501 |   71.72752 |
| 36451 | 1.47601 |   72.59277 |
| 36451 | 1.47701 |   73.47660 |
| 36451 | 1.47801 |   74.37962 |
| 36451 | 1.47901 |   75.30246 |
| 36451 | 1.48001 |   76.24577 |
| 36451 | 1.48101 |   77.21023 |
| 36451 | 1.48201 |   78.19656 |
| 36451 | 1.48301 |   79.20550 |
| 36451 | 1.48401 |   80.23785 |
| 36451 | 1.48501 |   81.29442 |
| 36451 | 1.48601 |   82.37605 |
| 36451 | 1.48701 |   83.48367 |
| 36451 | 1.48801 |   84.61819 |
| 36451 | 1.48901 |   85.78061 |
| 36451 | 1.49001 |   86.97196 |
| 36451 | 1.49101 |   88.19336 |
| 36451 | 1.49201 |   89.44592 |
| 36451 | 1.49301 |   90.73084 |
| 36451 | 1.49401 |   92.04941 |
| 36451 | 1.49501 |   93.40295 |
| 36451 | 1.49601 |   94.79286 |
| 36451 | 1.49701 |   96.22062 |
| 36451 | 1.49801 |   97.68780 |
| 36451 | 1.49901 |   99.19602 |
----------------------
----------------------
----------------------
----------------------
----------------------
----------------------
